576
-1.00000000 -1.00000000 1 -0.500000
-0.91666667 -1.00000000 1 -0.498113
-0.83333333 -1.00000000 1 -0.491803
-0.75000000 -1.00000000 1 -0.480000
-0.66666667 -1.00000000 1 -0.461538
-0.58333333 -1.00000000 1 -0.435233
-0.50000000 -1.00000000 1 -0.400000
-0.41666667 -1.00000000 1 -0.355030
-0.33333333 -1.00000000 1 -0.300000
-0.25000000 -1.00000000 1 -0.235294
-0.16666667 -1.00000000 1 -0.162162
-0.08333333 -1.00000000 1 -0.082759
0.00000000 -1.00000000 1 0.000000
0.08333333 -1.00000000 1 0.082759
0.16666667 -1.00000000 1 0.162162
0.25000000 -1.00000000 1 0.235294
0.33333333 -1.00000000 1 0.300000
0.41666667 -1.00000000 1 0.355030
0.50000000 -1.00000000 1 0.400000
0.58333333 -1.00000000 1 0.435233
0.66666667 -1.00000000 1 0.461538
0.75000000 -1.00000000 1 0.480000
0.83333333 -1.00000000 1 0.491803
0.91666667 -1.00000000 1 0.498113
1.00000000 -1.00000000 1 0.500000
-1.00000000 -0.91666667 1 -0.543396
-0.91666667 -0.91666667 0 0.000000
-0.83333333 -0.91666667 0 0.000000
-0.75000000 -0.91666667 0 0.000000
-0.66666667 -0.91666667 0 0.000000
-0.58333333 -0.91666667 0 0.000000
-0.50000000 -0.91666667 0 0.000000
-0.41666667 -0.91666667 0 0.000000
-0.33333333 -0.91666667 0 0.000000
-0.25000000 -0.91666667 0 0.000000
-0.16666667 -0.91666667 0 0.000000
-0.08333333 -0.91666667 0 0.000000
0.00000000 -0.91666667 0 0.000000
0.08333333 -0.91666667 0 0.000000
0.16666667 -0.91666667 0 0.000000
0.25000000 -0.91666667 0 0.000000
0.33333333 -0.91666667 0 0.000000
0.41666667 -0.91666667 0 0.000000
0.50000000 -0.91666667 0 0.000000
0.58333333 -0.91666667 0 0.000000
0.66666667 -0.91666667 0 0.000000
0.75000000 -0.91666667 0 0.000000
0.83333333 -0.91666667 0 0.000000
0.91666667 -0.91666667 0 0.000000
1.00000000 -0.91666667 1 0.543396
-1.00000000 -0.83333333 1 -0.590164
-0.91666667 -0.83333333 0 0.000000
-0.83333333 -0.83333333 0 0.000000
-0.75000000 -0.83333333 0 0.000000
-0.66666667 -0.83333333 0 0.000000
-0.58333333 -0.83333333 0 0.000000
-0.50000000 -0.83333333 0 0.000000
-0.41666667 -0.83333333 0 0.000000
-0.33333333 -0.83333333 0 0.000000
-0.25000000 -0.83333333 0 0.000000
-0.16666667 -0.83333333 0 0.000000
-0.08333333 -0.83333333 0 0.000000
0.00000000 -0.83333333 0 0.000000
0.08333333 -0.83333333 0 0.000000
0.16666667 -0.83333333 0 0.000000
0.25000000 -0.83333333 0 0.000000
0.33333333 -0.83333333 0 0.000000
0.41666667 -0.83333333 0 0.000000
0.50000000 -0.83333333 0 0.000000
0.58333333 -0.83333333 0 0.000000
0.66666667 -0.83333333 0 0.000000
0.75000000 -0.83333333 0 0.000000
0.83333333 -0.83333333 0 0.000000
0.91666667 -0.83333333 0 0.000000
1.00000000 -0.83333333 1 0.590164
-1.00000000 -0.75000000 1 -0.640000
-0.91666667 -0.75000000 0 0.000000
-0.83333333 -0.75000000 0 0.000000
-0.75000000 -0.75000000 0 0.000000
-0.66666667 -0.75000000 0 0.000000
-0.58333333 -0.75000000 0 0.000000
-0.50000000 -0.75000000 0 0.000000
-0.41666667 -0.75000000 0 0.000000
-0.33333333 -0.75000000 0 0.000000
-0.25000000 -0.75000000 0 0.000000
-0.16666667 -0.75000000 0 0.000000
-0.08333333 -0.75000000 0 0.000000
0.00000000 -0.75000000 0 0.000000
0.08333333 -0.75000000 0 0.000000
0.16666667 -0.75000000 0 0.000000
0.25000000 -0.75000000 0 0.000000
0.33333333 -0.75000000 0 0.000000
0.41666667 -0.75000000 0 0.000000
0.50000000 -0.75000000 0 0.000000
0.58333333 -0.75000000 0 0.000000
0.66666667 -0.75000000 0 0.000000
0.75000000 -0.75000000 0 0.000000
0.83333333 -0.75000000 0 0.000000
0.91666667 -0.75000000 0 0.000000
1.00000000 -0.75000000 1 0.640000
-1.00000000 -0.66666667 1 -0.692308
-0.91666667 -0.66666667 0 0.000000
-0.83333333 -0.66666667 0 0.000000
-0.75000000 -0.66666667 0 0.000000
-0.66666667 -0.66666667 0 0.000000
-0.58333333 -0.66666667 0 0.000000
-0.50000000 -0.66666667 0 0.000000
-0.41666667 -0.66666667 0 0.000000
-0.33333333 -0.66666667 0 0.000000
-0.25000000 -0.66666667 0 0.000000
-0.16666667 -0.66666667 0 0.000000
-0.08333333 -0.66666667 0 0.000000
0.00000000 -0.66666667 0 0.000000
0.08333333 -0.66666667 0 0.000000
0.16666667 -0.66666667 0 0.000000
0.25000000 -0.66666667 0 0.000000
0.33333333 -0.66666667 0 0.000000
0.41666667 -0.66666667 0 0.000000
0.50000000 -0.66666667 0 0.000000
0.58333333 -0.66666667 0 0.000000
0.66666667 -0.66666667 0 0.000000
0.75000000 -0.66666667 0 0.000000
0.83333333 -0.66666667 0 0.000000
0.91666667 -0.66666667 0 0.000000
1.00000000 -0.66666667 1 0.692308
-1.00000000 -0.58333333 1 -0.746114
-0.91666667 -0.58333333 0 0.000000
-0.83333333 -0.58333333 0 0.000000
-0.75000000 -0.58333333 0 0.000000
-0.66666667 -0.58333333 0 0.000000
-0.58333333 -0.58333333 0 0.000000
-0.50000000 -0.58333333 0 0.000000
-0.41666667 -0.58333333 0 0.000000
-0.33333333 -0.58333333 0 0.000000
-0.25000000 -0.58333333 0 0.000000
-0.16666667 -0.58333333 0 0.000000
-0.08333333 -0.58333333 0 0.000000
0.00000000 -0.58333333 0 0.000000
0.08333333 -0.58333333 0 0.000000
0.16666667 -0.58333333 0 0.000000
0.25000000 -0.58333333 0 0.000000
0.33333333 -0.58333333 0 0.000000
0.41666667 -0.58333333 0 0.000000
0.50000000 -0.58333333 0 0.000000
0.58333333 -0.58333333 0 0.000000
0.66666667 -0.58333333 0 0.000000
0.75000000 -0.58333333 0 0.000000
0.83333333 -0.58333333 0 0.000000
0.91666667 -0.58333333 0 0.000000
1.00000000 -0.58333333 1 0.746114
-1.00000000 -0.50000000 1 -0.800000
-0.91666667 -0.50000000 0 0.000000
-0.83333333 -0.50000000 0 0.000000
-0.75000000 -0.50000000 0 0.000000
-0.66666667 -0.50000000 0 0.000000
-0.58333333 -0.50000000 0 0.000000
-0.50000000 -0.50000000 0 0.000000
-0.41666667 -0.50000000 0 0.000000
-0.33333333 -0.50000000 0 0.000000
-0.25000000 -0.50000000 0 0.000000
-0.16666667 -0.50000000 0 0.000000
-0.08333333 -0.50000000 0 0.000000
0.00000000 -0.50000000 0 0.000000
0.08333333 -0.50000000 0 0.000000
0.16666667 -0.50000000 0 0.000000
0.25000000 -0.50000000 0 0.000000
0.33333333 -0.50000000 0 0.000000
0.41666667 -0.50000000 0 0.000000
0.50000000 -0.50000000 0 0.000000
0.58333333 -0.50000000 0 0.000000
0.66666667 -0.50000000 0 0.000000
0.75000000 -0.50000000 0 0.000000
0.83333333 -0.50000000 0 0.000000
0.91666667 -0.50000000 0 0.000000
1.00000000 -0.50000000 1 0.800000
-1.00000000 -0.41666667 1 -0.852071
-0.91666667 -0.41666667 0 0.000000
-0.83333333 -0.41666667 0 0.000000
-0.75000000 -0.41666667 0 0.000000
-0.66666667 -0.41666667 0 0.000000
-0.58333333 -0.41666667 0 0.000000
-0.50000000 -0.41666667 0 0.000000
-0.41666667 -0.41666667 0 0.000000
-0.33333333 -0.41666667 0 0.000000
-0.25000000 -0.41666667 0 0.000000
-0.16666667 -0.41666667 0 0.000000
-0.08333333 -0.41666667 0 0.000000
0.00000000 -0.41666667 0 0.000000
0.08333333 -0.41666667 0 0.000000
0.16666667 -0.41666667 0 0.000000
0.25000000 -0.41666667 0 0.000000
0.33333333 -0.41666667 0 0.000000
0.41666667 -0.41666667 0 0.000000
0.50000000 -0.41666667 0 0.000000
0.58333333 -0.41666667 0 0.000000
0.66666667 -0.41666667 0 0.000000
0.75000000 -0.41666667 0 0.000000
0.83333333 -0.41666667 0 0.000000
0.91666667 -0.41666667 0 0.000000
1.00000000 -0.41666667 1 0.852071
-1.00000000 -0.33333333 1 -0.900000
-0.91666667 -0.33333333 0 0.000000
-0.83333333 -0.33333333 0 0.000000
-0.75000000 -0.33333333 0 0.000000
-0.66666667 -0.33333333 0 0.000000
-0.58333333 -0.33333333 0 0.000000
-0.50000000 -0.33333333 0 0.000000
-0.41666667 -0.33333333 0 0.000000
-0.33333333 -0.33333333 1 -1.500000
-0.25000000 -0.33333333 1 -1.440000
-0.16666667 -0.33333333 1 -1.200000
-0.08333333 -0.33333333 1 -0.705882
0.00000000 -0.33333333 1 0.000000
0.08333333 -0.33333333 1 0.705882
0.16666667 -0.33333333 1 1.200000
0.25000000 -0.33333333 1 1.440000
0.33333333 -0.33333333 1 1.500000
0.41666667 -0.33333333 0 0.000000
0.50000000 -0.33333333 0 0.000000
0.58333333 -0.33333333 0 0.000000
0.66666667 -0.33333333 0 0.000000
0.75000000 -0.33333333 0 0.000000
0.83333333 -0.33333333 0 0.000000
0.91666667 -0.33333333 0 0.000000
1.00000000 -0.33333333 1 0.900000
-1.00000000 -0.25000000 1 -0.941176
-0.91666667 -0.25000000 0 0.000000
-0.83333333 -0.25000000 0 0.000000
-0.75000000 -0.25000000 0 0.000000
-0.66666667 -0.25000000 0 0.000000
-0.58333333 -0.25000000 0 0.000000
-0.50000000 -0.25000000 0 0.000000
-0.41666667 -0.25000000 0 0.000000
-0.33333333 -0.25000000 1 -1.920000
-1.00000000 -0.16666667 1 -0.972973
-0.91666667 -0.16666667 0 0.000000
-0.83333333 -0.16666667 0 0.000000
-0.75000000 -0.16666667 0 0.000000
-0.66666667 -0.16666667 0 0.000000
-0.58333333 -0.16666667 0 0.000000
-0.50000000 -0.16666667 0 0.000000
-0.41666667 -0.16666667 0 0.000000
-0.33333333 -0.16666667 1 -2.400000
-1.00000000 -0.08333333 1 -0.993103
-0.91666667 -0.08333333 0 0.000000
-0.83333333 -0.08333333 0 0.000000
-0.75000000 -0.08333333 0 0.000000
-0.66666667 -0.08333333 0 0.000000
-0.58333333 -0.08333333 0 0.000000
-0.50000000 -0.08333333 0 0.000000
-0.41666667 -0.08333333 0 0.000000
-0.33333333 -0.08333333 1 -2.823529
-1.00000000 0.00000000 1 -1.000000
-0.91666667 0.00000000 0 0.000000
-0.83333333 0.00000000 0 0.000000
-0.75000000 0.00000000 0 0.000000
-0.66666667 0.00000000 0 0.000000
-0.58333333 0.00000000 0 0.000000
-0.50000000 0.00000000 0 0.000000
-0.41666667 0.00000000 0 0.000000
-0.33333333 0.00000000 1 -3.000000
-1.00000000 0.08333333 1 -0.993103
-0.91666667 0.08333333 0 0.000000
-0.83333333 0.08333333 0 0.000000
-0.75000000 0.08333333 0 0.000000
-0.66666667 0.08333333 0 0.000000
-0.58333333 0.08333333 0 0.000000
-0.50000000 0.08333333 0 0.000000
-0.41666667 0.08333333 0 0.000000
-0.33333333 0.08333333 1 -2.823529
-1.00000000 0.16666667 1 -0.972973
-0.91666667 0.16666667 0 0.000000
-0.83333333 0.16666667 0 0.000000
-0.75000000 0.16666667 0 0.000000
-0.66666667 0.16666667 0 0.000000
-0.58333333 0.16666667 0 0.000000
-0.50000000 0.16666667 0 0.000000
-0.41666667 0.16666667 0 0.000000
-0.33333333 0.16666667 1 -2.400000
-1.00000000 0.25000000 1 -0.941176
-0.91666667 0.25000000 0 0.000000
-0.83333333 0.25000000 0 0.000000
-0.75000000 0.25000000 0 0.000000
-0.66666667 0.25000000 0 0.000000
-0.58333333 0.25000000 0 0.000000
-0.50000000 0.25000000 0 0.000000
-0.41666667 0.25000000 0 0.000000
-0.33333333 0.25000000 1 -1.920000
0.33333333 -0.25000000 1 1.920000
0.41666667 -0.25000000 0 0.000000
0.50000000 -0.25000000 0 0.000000
0.58333333 -0.25000000 0 0.000000
0.66666667 -0.25000000 0 0.000000
0.75000000 -0.25000000 0 0.000000
0.83333333 -0.25000000 0 0.000000
0.91666667 -0.25000000 0 0.000000
1.00000000 -0.25000000 1 0.941176
0.33333333 -0.16666667 1 2.400000
0.41666667 -0.16666667 0 0.000000
0.50000000 -0.16666667 0 0.000000
0.58333333 -0.16666667 0 0.000000
0.66666667 -0.16666667 0 0.000000
0.75000000 -0.16666667 0 0.000000
0.83333333 -0.16666667 0 0.000000
0.91666667 -0.16666667 0 0.000000
1.00000000 -0.16666667 1 0.972973
0.33333333 -0.08333333 1 2.823529
0.41666667 -0.08333333 0 0.000000
0.50000000 -0.08333333 0 0.000000
0.58333333 -0.08333333 0 0.000000
0.66666667 -0.08333333 0 0.000000
0.75000000 -0.08333333 0 0.000000
0.83333333 -0.08333333 0 0.000000
0.91666667 -0.08333333 0 0.000000
1.00000000 -0.08333333 1 0.993103
0.33333333 0.00000000 1 3.000000
0.41666667 0.00000000 0 0.000000
0.50000000 0.00000000 0 0.000000
0.58333333 0.00000000 0 0.000000
0.66666667 0.00000000 0 0.000000
0.75000000 0.00000000 0 0.000000
0.83333333 0.00000000 0 0.000000
0.91666667 0.00000000 0 0.000000
1.00000000 0.00000000 1 1.000000
0.33333333 0.08333333 1 2.823529
0.41666667 0.08333333 0 0.000000
0.50000000 0.08333333 0 0.000000
0.58333333 0.08333333 0 0.000000
0.66666667 0.08333333 0 0.000000
0.75000000 0.08333333 0 0.000000
0.83333333 0.08333333 0 0.000000
0.91666667 0.08333333 0 0.000000
1.00000000 0.08333333 1 0.993103
0.33333333 0.16666667 1 2.400000
0.41666667 0.16666667 0 0.000000
0.50000000 0.16666667 0 0.000000
0.58333333 0.16666667 0 0.000000
0.66666667 0.16666667 0 0.000000
0.75000000 0.16666667 0 0.000000
0.83333333 0.16666667 0 0.000000
0.91666667 0.16666667 0 0.000000
1.00000000 0.16666667 1 0.972973
0.33333333 0.25000000 1 1.920000
0.41666667 0.25000000 0 0.000000
0.50000000 0.25000000 0 0.000000
0.58333333 0.25000000 0 0.000000
0.66666667 0.25000000 0 0.000000
0.75000000 0.25000000 0 0.000000
0.83333333 0.25000000 0 0.000000
0.91666667 0.25000000 0 0.000000
1.00000000 0.25000000 1 0.941176
-1.00000000 0.33333333 1 -0.900000
-0.91666667 0.33333333 0 0.000000
-0.83333333 0.33333333 0 0.000000
-0.75000000 0.33333333 0 0.000000
-0.66666667 0.33333333 0 0.000000
-0.58333333 0.33333333 0 0.000000
-0.50000000 0.33333333 0 0.000000
-0.41666667 0.33333333 0 0.000000
-0.33333333 0.33333333 1 -1.500000
-0.25000000 0.33333333 1 -1.440000
-0.16666667 0.33333333 1 -1.200000
-0.08333333 0.33333333 1 -0.705882
0.00000000 0.33333333 1 0.000000
0.08333333 0.33333333 1 0.705882
0.16666667 0.33333333 1 1.200000
0.25000000 0.33333333 1 1.440000
0.33333333 0.33333333 1 1.500000
0.41666667 0.33333333 0 0.000000
0.50000000 0.33333333 0 0.000000
0.58333333 0.33333333 0 0.000000
0.66666667 0.33333333 0 0.000000
0.75000000 0.33333333 0 0.000000
0.83333333 0.33333333 0 0.000000
0.91666667 0.33333333 0 0.000000
1.00000000 0.33333333 1 0.900000
-1.00000000 0.41666667 1 -0.852071
-0.91666667 0.41666667 0 0.000000
-0.83333333 0.41666667 0 0.000000
-0.75000000 0.41666667 0 0.000000
-0.66666667 0.41666667 0 0.000000
-0.58333333 0.41666667 0 0.000000
-0.50000000 0.41666667 0 0.000000
-0.41666667 0.41666667 0 0.000000
-0.33333333 0.41666667 0 0.000000
-0.25000000 0.41666667 0 0.000000
-0.16666667 0.41666667 0 0.000000
-0.08333333 0.41666667 0 0.000000
0.00000000 0.41666667 0 0.000000
0.08333333 0.41666667 0 0.000000
0.16666667 0.41666667 0 0.000000
0.25000000 0.41666667 0 0.000000
0.33333333 0.41666667 0 0.000000
0.41666667 0.41666667 0 0.000000
0.50000000 0.41666667 0 0.000000
0.58333333 0.41666667 0 0.000000
0.66666667 0.41666667 0 0.000000
0.75000000 0.41666667 0 0.000000
0.83333333 0.41666667 0 0.000000
0.91666667 0.41666667 0 0.000000
1.00000000 0.41666667 1 0.852071
-1.00000000 0.50000000 1 -0.800000
-0.91666667 0.50000000 0 0.000000
-0.83333333 0.50000000 0 0.000000
-0.75000000 0.50000000 0 0.000000
-0.66666667 0.50000000 0 0.000000
-0.58333333 0.50000000 0 0.000000
-0.50000000 0.50000000 0 0.000000
-0.41666667 0.50000000 0 0.000000
-0.33333333 0.50000000 0 0.000000
-0.25000000 0.50000000 0 0.000000
-0.16666667 0.50000000 0 0.000000
-0.08333333 0.50000000 0 0.000000
0.00000000 0.50000000 0 0.000000
0.08333333 0.50000000 0 0.000000
0.16666667 0.50000000 0 0.000000
0.25000000 0.50000000 0 0.000000
0.33333333 0.50000000 0 0.000000
0.41666667 0.50000000 0 0.000000
0.50000000 0.50000000 0 0.000000
0.58333333 0.50000000 0 0.000000
0.66666667 0.50000000 0 0.000000
0.75000000 0.50000000 0 0.000000
0.83333333 0.50000000 0 0.000000
0.91666667 0.50000000 0 0.000000
1.00000000 0.50000000 1 0.800000
-1.00000000 0.58333333 1 -0.746114
-0.91666667 0.58333333 0 0.000000
-0.83333333 0.58333333 0 0.000000
-0.75000000 0.58333333 0 0.000000
-0.66666667 0.58333333 0 0.000000
-0.58333333 0.58333333 0 0.000000
-0.50000000 0.58333333 0 0.000000
-0.41666667 0.58333333 0 0.000000
-0.33333333 0.58333333 0 0.000000
-0.25000000 0.58333333 0 0.000000
-0.16666667 0.58333333 0 0.000000
-0.08333333 0.58333333 0 0.000000
0.00000000 0.58333333 0 0.000000
0.08333333 0.58333333 0 0.000000
0.16666667 0.58333333 0 0.000000
0.25000000 0.58333333 0 0.000000
0.33333333 0.58333333 0 0.000000
0.41666667 0.58333333 0 0.000000
0.50000000 0.58333333 0 0.000000
0.58333333 0.58333333 0 0.000000
0.66666667 0.58333333 0 0.000000
0.75000000 0.58333333 0 0.000000
0.83333333 0.58333333 0 0.000000
0.91666667 0.58333333 0 0.000000
1.00000000 0.58333333 1 0.746114
-1.00000000 0.66666667 1 -0.692308
-0.91666667 0.66666667 0 0.000000
-0.83333333 0.66666667 0 0.000000
-0.75000000 0.66666667 0 0.000000
-0.66666667 0.66666667 0 0.000000
-0.58333333 0.66666667 0 0.000000
-0.50000000 0.66666667 0 0.000000
-0.41666667 0.66666667 0 0.000000
-0.33333333 0.66666667 0 0.000000
-0.25000000 0.66666667 0 0.000000
-0.16666667 0.66666667 0 0.000000
-0.08333333 0.66666667 0 0.000000
0.00000000 0.66666667 0 0.000000
0.08333333 0.66666667 0 0.000000
0.16666667 0.66666667 0 0.000000
0.25000000 0.66666667 0 0.000000
0.33333333 0.66666667 0 0.000000
0.41666667 0.66666667 0 0.000000
0.50000000 0.66666667 0 0.000000
0.58333333 0.66666667 0 0.000000
0.66666667 0.66666667 0 0.000000
0.75000000 0.66666667 0 0.000000
0.83333333 0.66666667 0 0.000000
0.91666667 0.66666667 0 0.000000
1.00000000 0.66666667 1 0.692308
-1.00000000 0.75000000 1 -0.640000
-0.91666667 0.75000000 0 0.000000
-0.83333333 0.75000000 0 0.000000
-0.75000000 0.75000000 0 0.000000
-0.66666667 0.75000000 0 0.000000
-0.58333333 0.75000000 0 0.000000
-0.50000000 0.75000000 0 0.000000
-0.41666667 0.75000000 0 0.000000
-0.33333333 0.75000000 0 0.000000
-0.25000000 0.75000000 0 0.000000
-0.16666667 0.75000000 0 0.000000
-0.08333333 0.75000000 0 0.000000
0.00000000 0.75000000 0 0.000000
0.08333333 0.75000000 0 0.000000
0.16666667 0.75000000 0 0.000000
0.25000000 0.75000000 0 0.000000
0.33333333 0.75000000 0 0.000000
0.41666667 0.75000000 0 0.000000
0.50000000 0.75000000 0 0.000000
0.58333333 0.75000000 0 0.000000
0.66666667 0.75000000 0 0.000000
0.75000000 0.75000000 0 0.000000
0.83333333 0.75000000 0 0.000000
0.91666667 0.75000000 0 0.000000
1.00000000 0.75000000 1 0.640000
-1.00000000 0.83333333 1 -0.590164
-0.91666667 0.83333333 0 0.000000
-0.83333333 0.83333333 0 0.000000
-0.75000000 0.83333333 0 0.000000
-0.66666667 0.83333333 0 0.000000
-0.58333333 0.83333333 0 0.000000
-0.50000000 0.83333333 0 0.000000
-0.41666667 0.83333333 0 0.000000
-0.33333333 0.83333333 0 0.000000
-0.25000000 0.83333333 0 0.000000
-0.16666667 0.83333333 0 0.000000
-0.08333333 0.83333333 0 0.000000
0.00000000 0.83333333 0 0.000000
0.08333333 0.83333333 0 0.000000
0.16666667 0.83333333 0 0.000000
0.25000000 0.83333333 0 0.000000
0.33333333 0.83333333 0 0.000000
0.41666667 0.83333333 0 0.000000
0.50000000 0.83333333 0 0.000000
0.58333333 0.83333333 0 0.000000
0.66666667 0.83333333 0 0.000000
0.75000000 0.83333333 0 0.000000
0.83333333 0.83333333 0 0.000000
0.91666667 0.83333333 0 0.000000
1.00000000 0.83333333 1 0.590164
-1.00000000 0.91666667 1 -0.543396
-0.91666667 0.91666667 0 0.000000
-0.83333333 0.91666667 0 0.000000
-0.75000000 0.91666667 0 0.000000
-0.66666667 0.91666667 0 0.000000
-0.58333333 0.91666667 0 0.000000
-0.50000000 0.91666667 0 0.000000
-0.41666667 0.91666667 0 0.000000
-0.33333333 0.91666667 0 0.000000
-0.25000000 0.91666667 0 0.000000
-0.16666667 0.91666667 0 0.000000
-0.08333333 0.91666667 0 0.000000
0.00000000 0.91666667 0 0.000000
0.08333333 0.91666667 0 0.000000
0.16666667 0.91666667 0 0.000000
0.25000000 0.91666667 0 0.000000
0.33333333 0.91666667 0 0.000000
0.41666667 0.91666667 0 0.000000
0.50000000 0.91666667 0 0.000000
0.58333333 0.91666667 0 0.000000
0.66666667 0.91666667 0 0.000000
0.75000000 0.91666667 0 0.000000
0.83333333 0.91666667 0 0.000000
0.91666667 0.91666667 0 0.000000
1.00000000 0.91666667 1 0.543396
-1.00000000 1.00000000 1 -0.500000
-0.91666667 1.00000000 1 -0.498113
-0.83333333 1.00000000 1 -0.491803
-0.75000000 1.00000000 1 -0.480000
-0.66666667 1.00000000 1 -0.461538
-0.58333333 1.00000000 1 -0.435233
-0.50000000 1.00000000 1 -0.400000
-0.41666667 1.00000000 1 -0.355030
-0.33333333 1.00000000 1 -0.300000
-0.25000000 1.00000000 1 -0.235294
-0.16666667 1.00000000 1 -0.162162
-0.08333333 1.00000000 1 -0.082759
0.00000000 1.00000000 1 0.000000
0.08333333 1.00000000 1 0.082759
0.16666667 1.00000000 1 0.162162
0.25000000 1.00000000 1 0.235294
0.33333333 1.00000000 1 0.300000
0.41666667 1.00000000 1 0.355030
0.50000000 1.00000000 1 0.400000
0.58333333 1.00000000 1 0.435233
0.66666667 1.00000000 1 0.461538
0.75000000 1.00000000 1 0.480000
0.83333333 1.00000000 1 0.491803
0.91666667 1.00000000 1 0.498113
1.00000000 1.00000000 1 0.500000
