1024
0 1 26
0 26 25
1 2 27
1 27 26
2 3 28
2 28 27
3 4 29
3 29 28
4 5 30
4 30 29
5 6 31
5 31 30
6 7 32
6 32 31
7 8 33
7 33 32
8 9 34
8 34 33
9 10 35
9 35 34
10 11 36
10 36 35
11 12 37
11 37 36
12 13 38
12 38 37
13 14 39
13 39 38
14 15 40
14 40 39
15 16 41
15 41 40
16 17 42
16 42 41
17 18 43
17 43 42
18 19 44
18 44 43
19 20 45
19 45 44
20 21 46
20 46 45
21 22 47
21 47 46
22 23 48
22 48 47
23 24 49
23 49 48
25 26 51
25 51 50
26 27 52
26 52 51
27 28 53
27 53 52
28 29 54
28 54 53
29 30 55
29 55 54
30 31 56
30 56 55
31 32 57
31 57 56
32 33 58
32 58 57
33 34 59
33 59 58
34 35 60
34 60 59
35 36 61
35 61 60
36 37 62
36 62 61
37 38 63
37 63 62
38 39 64
38 64 63
39 40 65
39 65 64
40 41 66
40 66 65
41 42 67
41 67 66
42 43 68
42 68 67
43 44 69
43 69 68
44 45 70
44 70 69
45 46 71
45 71 70
46 47 72
46 72 71
47 48 73
47 73 72
48 49 74
48 74 73
50 51 76
50 76 75
51 52 77
51 77 76
52 53 78
52 78 77
53 54 79
53 79 78
54 55 80
54 80 79
55 56 81
55 81 80
56 57 82
56 82 81
57 58 83
57 83 82
58 59 84
58 84 83
59 60 85
59 85 84
60 61 86
60 86 85
61 62 87
61 87 86
62 63 88
62 88 87
63 64 89
63 89 88
64 65 90
64 90 89
65 66 91
65 91 90
66 67 92
66 92 91
67 68 93
67 93 92
68 69 94
68 94 93
69 70 95
69 95 94
70 71 96
70 96 95
71 72 97
71 97 96
72 73 98
72 98 97
73 74 99
73 99 98
75 76 101
75 101 100
76 77 102
76 102 101
77 78 103
77 103 102
78 79 104
78 104 103
79 80 105
79 105 104
80 81 106
80 106 105
81 82 107
81 107 106
82 83 108
82 108 107
83 84 109
83 109 108
84 85 110
84 110 109
85 86 111
85 111 110
86 87 112
86 112 111
87 88 113
87 113 112
88 89 114
88 114 113
89 90 115
89 115 114
90 91 116
90 116 115
91 92 117
91 117 116
92 93 118
92 118 117
93 94 119
93 119 118
94 95 120
94 120 119
95 96 121
95 121 120
96 97 122
96 122 121
97 98 123
97 123 122
98 99 124
98 124 123
100 101 126
100 126 125
101 102 127
101 127 126
102 103 128
102 128 127
103 104 129
103 129 128
104 105 130
104 130 129
105 106 131
105 131 130
106 107 132
106 132 131
107 108 133
107 133 132
108 109 134
108 134 133
109 110 135
109 135 134
110 111 136
110 136 135
111 112 137
111 137 136
112 113 138
112 138 137
113 114 139
113 139 138
114 115 140
114 140 139
115 116 141
115 141 140
116 117 142
116 142 141
117 118 143
117 143 142
118 119 144
118 144 143
119 120 145
119 145 144
120 121 146
120 146 145
121 122 147
121 147 146
122 123 148
122 148 147
123 124 149
123 149 148
125 126 151
125 151 150
126 127 152
126 152 151
127 128 153
127 153 152
128 129 154
128 154 153
129 130 155
129 155 154
130 131 156
130 156 155
131 132 157
131 157 156
132 133 158
132 158 157
133 134 159
133 159 158
134 135 160
134 160 159
135 136 161
135 161 160
136 137 162
136 162 161
137 138 163
137 163 162
138 139 164
138 164 163
139 140 165
139 165 164
140 141 166
140 166 165
141 142 167
141 167 166
142 143 168
142 168 167
143 144 169
143 169 168
144 145 170
144 170 169
145 146 171
145 171 170
146 147 172
146 172 171
147 148 173
147 173 172
148 149 174
148 174 173
150 151 176
150 176 175
151 152 177
151 177 176
152 153 178
152 178 177
153 154 179
153 179 178
154 155 180
154 180 179
155 156 181
155 181 180
156 157 182
156 182 181
157 158 183
157 183 182
158 159 184
158 184 183
159 160 185
159 185 184
160 161 186
160 186 185
161 162 187
161 187 186
162 163 188
162 188 187
163 164 189
163 189 188
164 165 190
164 190 189
165 166 191
165 191 190
166 167 192
166 192 191
167 168 193
167 193 192
168 169 194
168 194 193
169 170 195
169 195 194
170 171 196
170 196 195
171 172 197
171 197 196
172 173 198
172 198 197
173 174 199
173 199 198
175 176 201
175 201 200
176 177 202
176 202 201
177 178 203
177 203 202
178 179 204
178 204 203
179 180 205
179 205 204
180 181 206
180 206 205
181 182 207
181 207 206
182 183 208
182 208 207
183 184 209
183 209 208
184 185 210
184 210 209
185 186 211
185 211 210
186 187 212
186 212 211
187 188 213
187 213 212
188 189 214
188 214 213
189 190 215
189 215 214
190 191 216
190 216 215
191 192 217
191 217 216
192 193 218
192 218 217
193 194 219
193 219 218
194 195 220
194 220 219
195 196 221
195 221 220
196 197 222
196 222 221
197 198 223
197 223 222
198 199 224
198 224 223
200 201 226
200 226 225
201 202 227
201 227 226
202 203 228
202 228 227
203 204 229
203 229 228
204 205 230
204 230 229
205 206 231
205 231 230
206 207 232
206 232 231
207 208 233
207 233 232
216 217 289
216 289 288
217 218 290
217 290 289
218 219 291
218 291 290
219 220 292
219 292 291
220 221 293
220 293 292
221 222 294
221 294 293
222 223 295
222 295 294
223 224 296
223 296 295
225 226 235
225 235 234
226 227 236
226 236 235
227 228 237
227 237 236
228 229 238
228 238 237
229 230 239
229 239 238
230 231 240
230 240 239
231 232 241
231 241 240
232 233 242
232 242 241
288 289 298
288 298 297
289 290 299
289 299 298
290 291 300
290 300 299
291 292 301
291 301 300
292 293 302
292 302 301
293 294 303
293 303 302
294 295 304
294 304 303
295 296 305
295 305 304
234 235 244
234 244 243
235 236 245
235 245 244
236 237 246
236 246 245
237 238 247
237 247 246
238 239 248
238 248 247
239 240 249
239 249 248
240 241 250
240 250 249
241 242 251
241 251 250
297 298 307
297 307 306
298 299 308
298 308 307
299 300 309
299 309 308
300 301 310
300 310 309
301 302 311
301 311 310
302 303 312
302 312 311
303 304 313
303 313 312
304 305 314
304 314 313
243 244 253
243 253 252
244 245 254
244 254 253
245 246 255
245 255 254
246 247 256
246 256 255
247 248 257
247 257 256
248 249 258
248 258 257
249 250 259
249 259 258
250 251 260
250 260 259
306 307 316
306 316 315
307 308 317
307 317 316
308 309 318
308 318 317
309 310 319
309 319 318
310 311 320
310 320 319
311 312 321
311 321 320
312 313 322
312 322 321
313 314 323
313 323 322
252 253 262
252 262 261
253 254 263
253 263 262
254 255 264
254 264 263
255 256 265
255 265 264
256 257 266
256 266 265
257 258 267
257 267 266
258 259 268
258 268 267
259 260 269
259 269 268
315 316 325
315 325 324
316 317 326
316 326 325
317 318 327
317 327 326
318 319 328
318 328 327
319 320 329
319 329 328
320 321 330
320 330 329
321 322 331
321 331 330
322 323 332
322 332 331
261 262 271
261 271 270
262 263 272
262 272 271
263 264 273
263 273 272
264 265 274
264 274 273
265 266 275
265 275 274
266 267 276
266 276 275
267 268 277
267 277 276
268 269 278
268 278 277
324 325 334
324 334 333
325 326 335
325 335 334
326 327 336
326 336 335
327 328 337
327 337 336
328 329 338
328 338 337
329 330 339
329 339 338
330 331 340
330 340 339
331 332 341
331 341 340
270 271 280
270 280 279
271 272 281
271 281 280
272 273 282
272 282 281
273 274 283
273 283 282
274 275 284
274 284 283
275 276 285
275 285 284
276 277 286
276 286 285
277 278 287
277 287 286
333 334 343
333 343 342
334 335 344
334 344 343
335 336 345
335 345 344
336 337 346
336 346 345
337 338 347
337 347 346
338 339 348
338 348 347
339 340 349
339 349 348
340 341 350
340 350 349
279 280 352
279 352 351
280 281 353
280 353 352
281 282 354
281 354 353
282 283 355
282 355 354
283 284 356
283 356 355
284 285 357
284 357 356
285 286 358
285 358 357
286 287 359
286 359 358
342 343 368
342 368 367
343 344 369
343 369 368
344 345 370
344 370 369
345 346 371
345 371 370
346 347 372
346 372 371
347 348 373
347 373 372
348 349 374
348 374 373
349 350 375
349 375 374
351 352 377
351 377 376
352 353 378
352 378 377
353 354 379
353 379 378
354 355 380
354 380 379
355 356 381
355 381 380
356 357 382
356 382 381
357 358 383
357 383 382
358 359 384
358 384 383
359 360 385
359 385 384
360 361 386
360 386 385
361 362 387
361 387 386
362 363 388
362 388 387
363 364 389
363 389 388
364 365 390
364 390 389
365 366 391
365 391 390
366 367 392
366 392 391
367 368 393
367 393 392
368 369 394
368 394 393
369 370 395
369 395 394
370 371 396
370 396 395
371 372 397
371 397 396
372 373 398
372 398 397
373 374 399
373 399 398
374 375 400
374 400 399
376 377 402
376 402 401
377 378 403
377 403 402
378 379 404
378 404 403
379 380 405
379 405 404
380 381 406
380 406 405
381 382 407
381 407 406
382 383 408
382 408 407
383 384 409
383 409 408
384 385 410
384 410 409
385 386 411
385 411 410
386 387 412
386 412 411
387 388 413
387 413 412
388 389 414
388 414 413
389 390 415
389 415 414
390 391 416
390 416 415
391 392 417
391 417 416
392 393 418
392 418 417
393 394 419
393 419 418
394 395 420
394 420 419
395 396 421
395 421 420
396 397 422
396 422 421
397 398 423
397 423 422
398 399 424
398 424 423
399 400 425
399 425 424
401 402 427
401 427 426
402 403 428
402 428 427
403 404 429
403 429 428
404 405 430
404 430 429
405 406 431
405 431 430
406 407 432
406 432 431
407 408 433
407 433 432
408 409 434
408 434 433
409 410 435
409 435 434
410 411 436
410 436 435
411 412 437
411 437 436
412 413 438
412 438 437
413 414 439
413 439 438
414 415 440
414 440 439
415 416 441
415 441 440
416 417 442
416 442 441
417 418 443
417 443 442
418 419 444
418 444 443
419 420 445
419 445 444
420 421 446
420 446 445
421 422 447
421 447 446
422 423 448
422 448 447
423 424 449
423 449 448
424 425 450
424 450 449
426 427 452
426 452 451
427 428 453
427 453 452
428 429 454
428 454 453
429 430 455
429 455 454
430 431 456
430 456 455
431 432 457
431 457 456
432 433 458
432 458 457
433 434 459
433 459 458
434 435 460
434 460 459
435 436 461
435 461 460
436 437 462
436 462 461
437 438 463
437 463 462
438 439 464
438 464 463
439 440 465
439 465 464
440 441 466
440 466 465
441 442 467
441 467 466
442 443 468
442 468 467
443 444 469
443 469 468
444 445 470
444 470 469
445 446 471
445 471 470
446 447 472
446 472 471
447 448 473
447 473 472
448 449 474
448 474 473
449 450 475
449 475 474
451 452 477
451 477 476
452 453 478
452 478 477
453 454 479
453 479 478
454 455 480
454 480 479
455 456 481
455 481 480
456 457 482
456 482 481
457 458 483
457 483 482
458 459 484
458 484 483
459 460 485
459 485 484
460 461 486
460 486 485
461 462 487
461 487 486
462 463 488
462 488 487
463 464 489
463 489 488
464 465 490
464 490 489
465 466 491
465 491 490
466 467 492
466 492 491
467 468 493
467 493 492
468 469 494
468 494 493
469 470 495
469 495 494
470 471 496
470 496 495
471 472 497
471 497 496
472 473 498
472 498 497
473 474 499
473 499 498
474 475 500
474 500 499
476 477 502
476 502 501
477 478 503
477 503 502
478 479 504
478 504 503
479 480 505
479 505 504
480 481 506
480 506 505
481 482 507
481 507 506
482 483 508
482 508 507
483 484 509
483 509 508
484 485 510
484 510 509
485 486 511
485 511 510
486 487 512
486 512 511
487 488 513
487 513 512
488 489 514
488 514 513
489 490 515
489 515 514
490 491 516
490 516 515
491 492 517
491 517 516
492 493 518
492 518 517
493 494 519
493 519 518
494 495 520
494 520 519
495 496 521
495 521 520
496 497 522
496 522 521
497 498 523
497 523 522
498 499 524
498 524 523
499 500 525
499 525 524
501 502 527
501 527 526
502 503 528
502 528 527
503 504 529
503 529 528
504 505 530
504 530 529
505 506 531
505 531 530
506 507 532
506 532 531
507 508 533
507 533 532
508 509 534
508 534 533
509 510 535
509 535 534
510 511 536
510 536 535
511 512 537
511 537 536
512 513 538
512 538 537
513 514 539
513 539 538
514 515 540
514 540 539
515 516 541
515 541 540
516 517 542
516 542 541
517 518 543
517 543 542
518 519 544
518 544 543
519 520 545
519 545 544
520 521 546
520 546 545
521 522 547
521 547 546
522 523 548
522 548 547
523 524 549
523 549 548
524 525 550
524 550 549
526 527 552
526 552 551
527 528 553
527 553 552
528 529 554
528 554 553
529 530 555
529 555 554
530 531 556
530 556 555
531 532 557
531 557 556
532 533 558
532 558 557
533 534 559
533 559 558
534 535 560
534 560 559
535 536 561
535 561 560
536 537 562
536 562 561
537 538 563
537 563 562
538 539 564
538 564 563
539 540 565
539 565 564
540 541 566
540 566 565
541 542 567
541 567 566
542 543 568
542 568 567
543 544 569
543 569 568
544 545 570
544 570 569
545 546 571
545 571 570
546 547 572
546 572 571
547 548 573
547 573 572
548 549 574
548 574 573
549 550 575
549 575 574
