2500
0.000000 0.000000 1 0.000000
0.020408 0.000000 1 0.000000
0.040816 0.000000 1 0.000000
0.061224 0.000000 1 0.000000
0.081633 0.000000 1 0.000000
0.102041 0.000000 1 0.000000
0.122449 0.000000 1 0.000000
0.142857 0.000000 1 0.000000
0.163265 0.000000 1 0.000000
0.183673 0.000000 1 0.000000
0.204082 0.000000 1 0.000000
0.224490 0.000000 1 0.000000
0.244898 0.000000 1 0.000000
0.265306 0.000000 1 0.000000
0.285714 0.000000 1 0.000000
0.306122 0.000000 1 0.000000
0.326531 0.000000 1 0.000000
0.346939 0.000000 1 0.000000
0.367347 0.000000 1 0.000000
0.387755 0.000000 1 0.000000
0.408163 0.000000 1 0.000000
0.428571 0.000000 1 0.000000
0.448980 0.000000 1 0.000000
0.469388 0.000000 1 0.000000
0.489796 0.000000 1 0.000000
0.510204 0.000000 1 0.000000
0.530612 0.000000 1 0.000000
0.551020 0.000000 1 0.000000
0.571429 0.000000 1 0.000000
0.591837 0.000000 1 0.000000
0.612245 0.000000 1 0.000000
0.632653 0.000000 1 0.000000
0.653061 0.000000 1 0.000000
0.673469 0.000000 1 0.000000
0.693878 0.000000 1 0.000000
0.714286 0.000000 1 0.000000
0.734694 0.000000 1 0.000000
0.755102 0.000000 1 0.000000
0.775510 0.000000 1 0.000000
0.795918 0.000000 1 0.000000
0.816327 0.000000 1 0.000000
0.836735 0.000000 1 0.000000
0.857143 0.000000 1 0.000000
0.877551 0.000000 1 0.000000
0.897959 0.000000 1 0.000000
0.918367 0.000000 1 0.000000
0.938776 0.000000 1 0.000000
0.959184 0.000000 1 0.000000
0.979592 0.000000 1 0.000000
1.000000 0.000000 1 0.000000
0.000000 0.020408 1 0.000000
0.020408 0.020408 0 0.000000
0.040816 0.020408 0 0.000000
0.061224 0.020408 0 0.000000
0.081633 0.020408 0 0.000000
0.102041 0.020408 0 0.000000
0.122449 0.020408 0 0.000000
0.142857 0.020408 0 0.000000
0.163265 0.020408 0 0.000000
0.183673 0.020408 0 0.000000
0.204082 0.020408 0 0.000000
0.224490 0.020408 0 0.000000
0.244898 0.020408 0 0.000000
0.265306 0.020408 0 0.000000
0.285714 0.020408 0 0.000000
0.306122 0.020408 0 0.000000
0.326531 0.020408 0 0.000000
0.346939 0.020408 0 0.000000
0.367347 0.020408 0 0.000000
0.387755 0.020408 0 0.000000
0.408163 0.020408 0 0.000000
0.428571 0.020408 0 0.000000
0.448980 0.020408 0 0.000000
0.469388 0.020408 0 0.000000
0.489796 0.020408 0 0.000000
0.510204 0.020408 0 0.000000
0.530612 0.020408 0 0.000000
0.551020 0.020408 0 0.000000
0.571429 0.020408 0 0.000000
0.591837 0.020408 0 0.000000
0.612245 0.020408 0 0.000000
0.632653 0.020408 0 0.000000
0.653061 0.020408 0 0.000000
0.673469 0.020408 0 0.000000
0.693878 0.020408 0 0.000000
0.714286 0.020408 0 0.000000
0.734694 0.020408 0 0.000000
0.755102 0.020408 0 0.000000
0.775510 0.020408 0 0.000000
0.795918 0.020408 0 0.000000
0.816327 0.020408 0 0.000000
0.836735 0.020408 0 0.000000
0.857143 0.020408 0 0.000000
0.877551 0.020408 0 0.000000
0.897959 0.020408 0 0.000000
0.918367 0.020408 0 0.000000
0.938776 0.020408 0 0.000000
0.959184 0.020408 0 0.000000
0.979592 0.020408 0 0.000000
1.000000 0.020408 1 0.000000
0.000000 0.040816 1 0.000000
0.020408 0.040816 0 0.000000
0.040816 0.040816 0 0.000000
0.061224 0.040816 0 0.000000
0.081633 0.040816 0 0.000000
0.102041 0.040816 0 0.000000
0.122449 0.040816 0 0.000000
0.142857 0.040816 0 0.000000
0.163265 0.040816 0 0.000000
0.183673 0.040816 0 0.000000
0.204082 0.040816 0 0.000000
0.224490 0.040816 0 0.000000
0.244898 0.040816 0 0.000000
0.265306 0.040816 0 0.000000
0.285714 0.040816 0 0.000000
0.306122 0.040816 0 0.000000
0.326531 0.040816 0 0.000000
0.346939 0.040816 0 0.000000
0.367347 0.040816 0 0.000000
0.387755 0.040816 0 0.000000
0.408163 0.040816 0 0.000000
0.428571 0.040816 0 0.000000
0.448980 0.040816 0 0.000000
0.469388 0.040816 0 0.000000
0.489796 0.040816 0 0.000000
0.510204 0.040816 0 0.000000
0.530612 0.040816 0 0.000000
0.551020 0.040816 0 0.000000
0.571429 0.040816 0 0.000000
0.591837 0.040816 0 0.000000
0.612245 0.040816 0 0.000000
0.632653 0.040816 0 0.000000
0.653061 0.040816 0 0.000000
0.673469 0.040816 0 0.000000
0.693878 0.040816 0 0.000000
0.714286 0.040816 0 0.000000
0.734694 0.040816 0 0.000000
0.755102 0.040816 0 0.000000
0.775510 0.040816 0 0.000000
0.795918 0.040816 0 0.000000
0.816327 0.040816 0 0.000000
0.836735 0.040816 0 0.000000
0.857143 0.040816 0 0.000000
0.877551 0.040816 0 0.000000
0.897959 0.040816 0 0.000000
0.918367 0.040816 0 0.000000
0.938776 0.040816 0 0.000000
0.959184 0.040816 0 0.000000
0.979592 0.040816 0 0.000000
1.000000 0.040816 1 0.000000
0.000000 0.061224 1 0.000000
0.020408 0.061224 0 0.000000
0.040816 0.061224 0 0.000000
0.061224 0.061224 0 0.000000
0.081633 0.061224 0 0.000000
0.102041 0.061224 0 0.000000
0.122449 0.061224 0 0.000000
0.142857 0.061224 0 0.000000
0.163265 0.061224 0 0.000000
0.183673 0.061224 0 0.000000
0.204082 0.061224 0 0.000000
0.224490 0.061224 0 0.000000
0.244898 0.061224 0 0.000000
0.265306 0.061224 0 0.000000
0.285714 0.061224 0 0.000000
0.306122 0.061224 0 0.000000
0.326531 0.061224 0 0.000000
0.346939 0.061224 0 0.000000
0.367347 0.061224 0 0.000000
0.387755 0.061224 0 0.000000
0.408163 0.061224 0 0.000000
0.428571 0.061224 0 0.000000
0.448980 0.061224 0 0.000000
0.469388 0.061224 0 0.000000
0.489796 0.061224 0 0.000000
0.510204 0.061224 0 0.000000
0.530612 0.061224 0 0.000000
0.551020 0.061224 0 0.000000
0.571429 0.061224 0 0.000000
0.591837 0.061224 0 0.000000
0.612245 0.061224 0 0.000000
0.632653 0.061224 0 0.000000
0.653061 0.061224 0 0.000000
0.673469 0.061224 0 0.000000
0.693878 0.061224 0 0.000000
0.714286 0.061224 0 0.000000
0.734694 0.061224 0 0.000000
0.755102 0.061224 0 0.000000
0.775510 0.061224 0 0.000000
0.795918 0.061224 0 0.000000
0.816327 0.061224 0 0.000000
0.836735 0.061224 0 0.000000
0.857143 0.061224 0 0.000000
0.877551 0.061224 0 0.000000
0.897959 0.061224 0 0.000000
0.918367 0.061224 0 0.000000
0.938776 0.061224 0 0.000000
0.959184 0.061224 0 0.000000
0.979592 0.061224 0 0.000000
1.000000 0.061224 1 0.000000
0.000000 0.081633 1 0.000000
0.020408 0.081633 0 0.000000
0.040816 0.081633 0 0.000000
0.061224 0.081633 0 0.000000
0.081633 0.081633 0 0.000000
0.102041 0.081633 0 0.000000
0.122449 0.081633 0 0.000000
0.142857 0.081633 0 0.000000
0.163265 0.081633 0 0.000000
0.183673 0.081633 0 0.000000
0.204082 0.081633 0 0.000000
0.224490 0.081633 0 0.000000
0.244898 0.081633 0 0.000000
0.265306 0.081633 0 0.000000
0.285714 0.081633 0 0.000000
0.306122 0.081633 0 0.000000
0.326531 0.081633 0 0.000000
0.346939 0.081633 0 0.000000
0.367347 0.081633 0 0.000000
0.387755 0.081633 0 0.000000
0.408163 0.081633 0 0.000000
0.428571 0.081633 0 0.000000
0.448980 0.081633 0 0.000000
0.469388 0.081633 0 0.000000
0.489796 0.081633 0 0.000000
0.510204 0.081633 0 0.000000
0.530612 0.081633 0 0.000000
0.551020 0.081633 0 0.000000
0.571429 0.081633 0 0.000000
0.591837 0.081633 0 0.000000
0.612245 0.081633 0 0.000000
0.632653 0.081633 0 0.000000
0.653061 0.081633 0 0.000000
0.673469 0.081633 0 0.000000
0.693878 0.081633 0 0.000000
0.714286 0.081633 0 0.000000
0.734694 0.081633 0 0.000000
0.755102 0.081633 0 0.000000
0.775510 0.081633 0 0.000000
0.795918 0.081633 0 0.000000
0.816327 0.081633 0 0.000000
0.836735 0.081633 0 0.000000
0.857143 0.081633 0 0.000000
0.877551 0.081633 0 0.000000
0.897959 0.081633 0 0.000000
0.918367 0.081633 0 0.000000
0.938776 0.081633 0 0.000000
0.959184 0.081633 0 0.000000
0.979592 0.081633 0 0.000000
1.000000 0.081633 1 0.000000
0.000000 0.102041 1 0.000000
0.020408 0.102041 0 0.000000
0.040816 0.102041 0 0.000000
0.061224 0.102041 0 0.000000
0.081633 0.102041 0 0.000000
0.102041 0.102041 0 0.000000
0.122449 0.102041 0 0.000000
0.142857 0.102041 0 0.000000
0.163265 0.102041 0 0.000000
0.183673 0.102041 0 0.000000
0.204082 0.102041 0 0.000000
0.224490 0.102041 0 0.000000
0.244898 0.102041 0 0.000000
0.265306 0.102041 0 0.000000
0.285714 0.102041 0 0.000000
0.306122 0.102041 0 0.000000
0.326531 0.102041 0 0.000000
0.346939 0.102041 0 0.000000
0.367347 0.102041 0 0.000000
0.387755 0.102041 0 0.000000
0.408163 0.102041 0 0.000000
0.428571 0.102041 0 0.000000
0.448980 0.102041 0 0.000000
0.469388 0.102041 0 0.000000
0.489796 0.102041 0 0.000000
0.510204 0.102041 0 0.000000
0.530612 0.102041 0 0.000000
0.551020 0.102041 0 0.000000
0.571429 0.102041 0 0.000000
0.591837 0.102041 0 0.000000
0.612245 0.102041 0 0.000000
0.632653 0.102041 0 0.000000
0.653061 0.102041 0 0.000000
0.673469 0.102041 0 0.000000
0.693878 0.102041 0 0.000000
0.714286 0.102041 0 0.000000
0.734694 0.102041 0 0.000000
0.755102 0.102041 0 0.000000
0.775510 0.102041 0 0.000000
0.795918 0.102041 0 0.000000
0.816327 0.102041 0 0.000000
0.836735 0.102041 0 0.000000
0.857143 0.102041 0 0.000000
0.877551 0.102041 0 0.000000
0.897959 0.102041 0 0.000000
0.918367 0.102041 0 0.000000
0.938776 0.102041 0 0.000000
0.959184 0.102041 0 0.000000
0.979592 0.102041 0 0.000000
1.000000 0.102041 1 0.000000
0.000000 0.122449 1 0.000000
0.020408 0.122449 0 0.000000
0.040816 0.122449 0 0.000000
0.061224 0.122449 0 0.000000
0.081633 0.122449 0 0.000000
0.102041 0.122449 0 0.000000
0.122449 0.122449 0 0.000000
0.142857 0.122449 0 0.000000
0.163265 0.122449 0 0.000000
0.183673 0.122449 0 0.000000
0.204082 0.122449 0 0.000000
0.224490 0.122449 0 0.000000
0.244898 0.122449 0 0.000000
0.265306 0.122449 0 0.000000
0.285714 0.122449 0 0.000000
0.306122 0.122449 0 0.000000
0.326531 0.122449 0 0.000000
0.346939 0.122449 0 0.000000
0.367347 0.122449 0 0.000000
0.387755 0.122449 0 0.000000
0.408163 0.122449 0 0.000000
0.428571 0.122449 0 0.000000
0.448980 0.122449 0 0.000000
0.469388 0.122449 0 0.000000
0.489796 0.122449 0 0.000000
0.510204 0.122449 0 0.000000
0.530612 0.122449 0 0.000000
0.551020 0.122449 0 0.000000
0.571429 0.122449 0 0.000000
0.591837 0.122449 0 0.000000
0.612245 0.122449 0 0.000000
0.632653 0.122449 0 0.000000
0.653061 0.122449 0 0.000000
0.673469 0.122449 0 0.000000
0.693878 0.122449 0 0.000000
0.714286 0.122449 0 0.000000
0.734694 0.122449 0 0.000000
0.755102 0.122449 0 0.000000
0.775510 0.122449 0 0.000000
0.795918 0.122449 0 0.000000
0.816327 0.122449 0 0.000000
0.836735 0.122449 0 0.000000
0.857143 0.122449 0 0.000000
0.877551 0.122449 0 0.000000
0.897959 0.122449 0 0.000000
0.918367 0.122449 0 0.000000
0.938776 0.122449 0 0.000000
0.959184 0.122449 0 0.000000
0.979592 0.122449 0 0.000000
1.000000 0.122449 1 0.000000
0.000000 0.142857 1 0.000000
0.020408 0.142857 0 0.000000
0.040816 0.142857 0 0.000000
0.061224 0.142857 0 0.000000
0.081633 0.142857 0 0.000000
0.102041 0.142857 0 0.000000
0.122449 0.142857 0 0.000000
0.142857 0.142857 0 0.000000
0.163265 0.142857 0 0.000000
0.183673 0.142857 0 0.000000
0.204082 0.142857 0 0.000000
0.224490 0.142857 0 0.000000
0.244898 0.142857 0 0.000000
0.265306 0.142857 0 0.000000
0.285714 0.142857 0 0.000000
0.306122 0.142857 0 0.000000
0.326531 0.142857 0 0.000000
0.346939 0.142857 0 0.000000
0.367347 0.142857 0 0.000000
0.387755 0.142857 0 0.000000
0.408163 0.142857 0 0.000000
0.428571 0.142857 0 0.000000
0.448980 0.142857 0 0.000000
0.469388 0.142857 0 0.000000
0.489796 0.142857 0 0.000000
0.510204 0.142857 0 0.000000
0.530612 0.142857 0 0.000000
0.551020 0.142857 0 0.000000
0.571429 0.142857 0 0.000000
0.591837 0.142857 0 0.000000
0.612245 0.142857 0 0.000000
0.632653 0.142857 0 0.000000
0.653061 0.142857 0 0.000000
0.673469 0.142857 0 0.000000
0.693878 0.142857 0 0.000000
0.714286 0.142857 0 0.000000
0.734694 0.142857 0 0.000000
0.755102 0.142857 0 0.000000
0.775510 0.142857 0 0.000000
0.795918 0.142857 0 0.000000
0.816327 0.142857 0 0.000000
0.836735 0.142857 0 0.000000
0.857143 0.142857 0 0.000000
0.877551 0.142857 0 0.000000
0.897959 0.142857 0 0.000000
0.918367 0.142857 0 0.000000
0.938776 0.142857 0 0.000000
0.959184 0.142857 0 0.000000
0.979592 0.142857 0 0.000000
1.000000 0.142857 1 0.000000
0.000000 0.163265 1 0.000000
0.020408 0.163265 0 0.000000
0.040816 0.163265 0 0.000000
0.061224 0.163265 0 0.000000
0.081633 0.163265 0 0.000000
0.102041 0.163265 0 0.000000
0.122449 0.163265 0 0.000000
0.142857 0.163265 0 0.000000
0.163265 0.163265 0 0.000000
0.183673 0.163265 0 0.000000
0.204082 0.163265 0 0.000000
0.224490 0.163265 0 0.000000
0.244898 0.163265 0 0.000000
0.265306 0.163265 0 0.000000
0.285714 0.163265 0 0.000000
0.306122 0.163265 0 0.000000
0.326531 0.163265 0 0.000000
0.346939 0.163265 0 0.000000
0.367347 0.163265 0 0.000000
0.387755 0.163265 0 0.000000
0.408163 0.163265 0 0.000000
0.428571 0.163265 0 0.000000
0.448980 0.163265 0 0.000000
0.469388 0.163265 0 0.000000
0.489796 0.163265 0 0.000000
0.510204 0.163265 0 0.000000
0.530612 0.163265 0 0.000000
0.551020 0.163265 0 0.000000
0.571429 0.163265 0 0.000000
0.591837 0.163265 0 0.000000
0.612245 0.163265 0 0.000000
0.632653 0.163265 0 0.000000
0.653061 0.163265 0 0.000000
0.673469 0.163265 0 0.000000
0.693878 0.163265 0 0.000000
0.714286 0.163265 0 0.000000
0.734694 0.163265 0 0.000000
0.755102 0.163265 0 0.000000
0.775510 0.163265 0 0.000000
0.795918 0.163265 0 0.000000
0.816327 0.163265 0 0.000000
0.836735 0.163265 0 0.000000
0.857143 0.163265 0 0.000000
0.877551 0.163265 0 0.000000
0.897959 0.163265 0 0.000000
0.918367 0.163265 0 0.000000
0.938776 0.163265 0 0.000000
0.959184 0.163265 0 0.000000
0.979592 0.163265 0 0.000000
1.000000 0.163265 1 0.000000
0.000000 0.183673 1 0.000000
0.020408 0.183673 0 0.000000
0.040816 0.183673 0 0.000000
0.061224 0.183673 0 0.000000
0.081633 0.183673 0 0.000000
0.102041 0.183673 0 0.000000
0.122449 0.183673 0 0.000000
0.142857 0.183673 0 0.000000
0.163265 0.183673 0 0.000000
0.183673 0.183673 0 0.000000
0.204082 0.183673 0 0.000000
0.224490 0.183673 0 0.000000
0.244898 0.183673 0 0.000000
0.265306 0.183673 0 0.000000
0.285714 0.183673 0 0.000000
0.306122 0.183673 0 0.000000
0.326531 0.183673 0 0.000000
0.346939 0.183673 0 0.000000
0.367347 0.183673 0 0.000000
0.387755 0.183673 0 0.000000
0.408163 0.183673 0 0.000000
0.428571 0.183673 0 0.000000
0.448980 0.183673 0 0.000000
0.469388 0.183673 0 0.000000
0.489796 0.183673 0 0.000000
0.510204 0.183673 0 0.000000
0.530612 0.183673 0 0.000000
0.551020 0.183673 0 0.000000
0.571429 0.183673 0 0.000000
0.591837 0.183673 0 0.000000
0.612245 0.183673 0 0.000000
0.632653 0.183673 0 0.000000
0.653061 0.183673 0 0.000000
0.673469 0.183673 0 0.000000
0.693878 0.183673 0 0.000000
0.714286 0.183673 0 0.000000
0.734694 0.183673 0 0.000000
0.755102 0.183673 0 0.000000
0.775510 0.183673 0 0.000000
0.795918 0.183673 0 0.000000
0.816327 0.183673 0 0.000000
0.836735 0.183673 0 0.000000
0.857143 0.183673 0 0.000000
0.877551 0.183673 0 0.000000
0.897959 0.183673 0 0.000000
0.918367 0.183673 0 0.000000
0.938776 0.183673 0 0.000000
0.959184 0.183673 0 0.000000
0.979592 0.183673 0 0.000000
1.000000 0.183673 1 0.000000
0.000000 0.204082 1 0.000000
0.020408 0.204082 0 0.000000
0.040816 0.204082 0 0.000000
0.061224 0.204082 0 0.000000
0.081633 0.204082 0 0.000000
0.102041 0.204082 0 0.000000
0.122449 0.204082 0 0.000000
0.142857 0.204082 0 0.000000
0.163265 0.204082 0 0.000000
0.183673 0.204082 0 0.000000
0.204082 0.204082 0 0.000000
0.224490 0.204082 0 0.000000
0.244898 0.204082 0 0.000000
0.265306 0.204082 0 0.000000
0.285714 0.204082 0 0.000000
0.306122 0.204082 0 0.000000
0.326531 0.204082 0 0.000000
0.346939 0.204082 0 0.000000
0.367347 0.204082 0 0.000000
0.387755 0.204082 0 0.000000
0.408163 0.204082 0 0.000000
0.428571 0.204082 0 0.000000
0.448980 0.204082 0 0.000000
0.469388 0.204082 0 0.000000
0.489796 0.204082 0 0.000000
0.510204 0.204082 0 0.000000
0.530612 0.204082 0 0.000000
0.551020 0.204082 0 0.000000
0.571429 0.204082 0 0.000000
0.591837 0.204082 0 0.000000
0.612245 0.204082 0 0.000000
0.632653 0.204082 0 0.000000
0.653061 0.204082 0 0.000000
0.673469 0.204082 0 0.000000
0.693878 0.204082 0 0.000000
0.714286 0.204082 0 0.000000
0.734694 0.204082 0 0.000000
0.755102 0.204082 0 0.000000
0.775510 0.204082 0 0.000000
0.795918 0.204082 0 0.000000
0.816327 0.204082 0 0.000000
0.836735 0.204082 0 0.000000
0.857143 0.204082 0 0.000000
0.877551 0.204082 0 0.000000
0.897959 0.204082 0 0.000000
0.918367 0.204082 0 0.000000
0.938776 0.204082 0 0.000000
0.959184 0.204082 0 0.000000
0.979592 0.204082 0 0.000000
1.000000 0.204082 1 0.000000
0.000000 0.224490 1 0.000000
0.020408 0.224490 0 0.000000
0.040816 0.224490 0 0.000000
0.061224 0.224490 0 0.000000
0.081633 0.224490 0 0.000000
0.102041 0.224490 0 0.000000
0.122449 0.224490 0 0.000000
0.142857 0.224490 0 0.000000
0.163265 0.224490 0 0.000000
0.183673 0.224490 0 0.000000
0.204082 0.224490 0 0.000000
0.224490 0.224490 0 0.000000
0.244898 0.224490 0 0.000000
0.265306 0.224490 0 0.000000
0.285714 0.224490 0 0.000000
0.306122 0.224490 0 0.000000
0.326531 0.224490 0 0.000000
0.346939 0.224490 0 0.000000
0.367347 0.224490 0 0.000000
0.387755 0.224490 0 0.000000
0.408163 0.224490 0 0.000000
0.428571 0.224490 0 0.000000
0.448980 0.224490 0 0.000000
0.469388 0.224490 0 0.000000
0.489796 0.224490 0 0.000000
0.510204 0.224490 0 0.000000
0.530612 0.224490 0 0.000000
0.551020 0.224490 0 0.000000
0.571429 0.224490 0 0.000000
0.591837 0.224490 0 0.000000
0.612245 0.224490 0 0.000000
0.632653 0.224490 0 0.000000
0.653061 0.224490 0 0.000000
0.673469 0.224490 0 0.000000
0.693878 0.224490 0 0.000000
0.714286 0.224490 0 0.000000
0.734694 0.224490 0 0.000000
0.755102 0.224490 0 0.000000
0.775510 0.224490 0 0.000000
0.795918 0.224490 0 0.000000
0.816327 0.224490 0 0.000000
0.836735 0.224490 0 0.000000
0.857143 0.224490 0 0.000000
0.877551 0.224490 0 0.000000
0.897959 0.224490 0 0.000000
0.918367 0.224490 0 0.000000
0.938776 0.224490 0 0.000000
0.959184 0.224490 0 0.000000
0.979592 0.224490 0 0.000000
1.000000 0.224490 1 0.000000
0.000000 0.244898 1 0.000000
0.020408 0.244898 0 0.000000
0.040816 0.244898 0 0.000000
0.061224 0.244898 0 0.000000
0.081633 0.244898 0 0.000000
0.102041 0.244898 0 0.000000
0.122449 0.244898 0 0.000000
0.142857 0.244898 0 0.000000
0.163265 0.244898 0 0.000000
0.183673 0.244898 0 0.000000
0.204082 0.244898 0 0.000000
0.224490 0.244898 0 0.000000
0.244898 0.244898 0 0.000000
0.265306 0.244898 0 0.000000
0.285714 0.244898 0 0.000000
0.306122 0.244898 0 0.000000
0.326531 0.244898 0 0.000000
0.346939 0.244898 0 0.000000
0.367347 0.244898 0 0.000000
0.387755 0.244898 0 0.000000
0.408163 0.244898 0 0.000000
0.428571 0.244898 0 0.000000
0.448980 0.244898 0 0.000000
0.469388 0.244898 0 0.000000
0.489796 0.244898 0 0.000000
0.510204 0.244898 0 0.000000
0.530612 0.244898 0 0.000000
0.551020 0.244898 0 0.000000
0.571429 0.244898 0 0.000000
0.591837 0.244898 0 0.000000
0.612245 0.244898 0 0.000000
0.632653 0.244898 0 0.000000
0.653061 0.244898 0 0.000000
0.673469 0.244898 0 0.000000
0.693878 0.244898 0 0.000000
0.714286 0.244898 0 0.000000
0.734694 0.244898 0 0.000000
0.755102 0.244898 0 0.000000
0.775510 0.244898 0 0.000000
0.795918 0.244898 0 0.000000
0.816327 0.244898 0 0.000000
0.836735 0.244898 0 0.000000
0.857143 0.244898 0 0.000000
0.877551 0.244898 0 0.000000
0.897959 0.244898 0 0.000000
0.918367 0.244898 0 0.000000
0.938776 0.244898 0 0.000000
0.959184 0.244898 0 0.000000
0.979592 0.244898 0 0.000000
1.000000 0.244898 1 0.000000
0.000000 0.265306 1 0.000000
0.020408 0.265306 0 0.000000
0.040816 0.265306 0 0.000000
0.061224 0.265306 0 0.000000
0.081633 0.265306 0 0.000000
0.102041 0.265306 0 0.000000
0.122449 0.265306 0 0.000000
0.142857 0.265306 0 0.000000
0.163265 0.265306 0 0.000000
0.183673 0.265306 0 0.000000
0.204082 0.265306 0 0.000000
0.224490 0.265306 0 0.000000
0.244898 0.265306 0 0.000000
0.265306 0.265306 0 0.000000
0.285714 0.265306 0 0.000000
0.306122 0.265306 0 0.000000
0.326531 0.265306 0 0.000000
0.346939 0.265306 0 0.000000
0.367347 0.265306 0 0.000000
0.387755 0.265306 0 0.000000
0.408163 0.265306 0 0.000000
0.428571 0.265306 0 0.000000
0.448980 0.265306 0 0.000000
0.469388 0.265306 0 0.000000
0.489796 0.265306 0 0.000000
0.510204 0.265306 0 0.000000
0.530612 0.265306 0 0.000000
0.551020 0.265306 0 0.000000
0.571429 0.265306 0 0.000000
0.591837 0.265306 0 0.000000
0.612245 0.265306 0 0.000000
0.632653 0.265306 0 0.000000
0.653061 0.265306 0 0.000000
0.673469 0.265306 0 0.000000
0.693878 0.265306 0 0.000000
0.714286 0.265306 0 0.000000
0.734694 0.265306 0 0.000000
0.755102 0.265306 0 0.000000
0.775510 0.265306 0 0.000000
0.795918 0.265306 0 0.000000
0.816327 0.265306 0 0.000000
0.836735 0.265306 0 0.000000
0.857143 0.265306 0 0.000000
0.877551 0.265306 0 0.000000
0.897959 0.265306 0 0.000000
0.918367 0.265306 0 0.000000
0.938776 0.265306 0 0.000000
0.959184 0.265306 0 0.000000
0.979592 0.265306 0 0.000000
1.000000 0.265306 1 0.000000
0.000000 0.285714 1 0.000000
0.020408 0.285714 0 0.000000
0.040816 0.285714 0 0.000000
0.061224 0.285714 0 0.000000
0.081633 0.285714 0 0.000000
0.102041 0.285714 0 0.000000
0.122449 0.285714 0 0.000000
0.142857 0.285714 0 0.000000
0.163265 0.285714 0 0.000000
0.183673 0.285714 0 0.000000
0.204082 0.285714 0 0.000000
0.224490 0.285714 0 0.000000
0.244898 0.285714 0 0.000000
0.265306 0.285714 0 0.000000
0.285714 0.285714 0 0.000000
0.306122 0.285714 0 0.000000
0.326531 0.285714 0 0.000000
0.346939 0.285714 0 0.000000
0.367347 0.285714 0 0.000000
0.387755 0.285714 0 0.000000
0.408163 0.285714 0 0.000000
0.428571 0.285714 0 0.000000
0.448980 0.285714 0 0.000000
0.469388 0.285714 0 0.000000
0.489796 0.285714 0 0.000000
0.510204 0.285714 0 0.000000
0.530612 0.285714 0 0.000000
0.551020 0.285714 0 0.000000
0.571429 0.285714 0 0.000000
0.591837 0.285714 0 0.000000
0.612245 0.285714 0 0.000000
0.632653 0.285714 0 0.000000
0.653061 0.285714 0 0.000000
0.673469 0.285714 0 0.000000
0.693878 0.285714 0 0.000000
0.714286 0.285714 0 0.000000
0.734694 0.285714 0 0.000000
0.755102 0.285714 0 0.000000
0.775510 0.285714 0 0.000000
0.795918 0.285714 0 0.000000
0.816327 0.285714 0 0.000000
0.836735 0.285714 0 0.000000
0.857143 0.285714 0 0.000000
0.877551 0.285714 0 0.000000
0.897959 0.285714 0 0.000000
0.918367 0.285714 0 0.000000
0.938776 0.285714 0 0.000000
0.959184 0.285714 0 0.000000
0.979592 0.285714 0 0.000000
1.000000 0.285714 1 0.000000
0.000000 0.306122 1 0.000000
0.020408 0.306122 0 0.000000
0.040816 0.306122 0 0.000000
0.061224 0.306122 0 0.000000
0.081633 0.306122 0 0.000000
0.102041 0.306122 0 0.000000
0.122449 0.306122 0 0.000000
0.142857 0.306122 0 0.000000
0.163265 0.306122 0 0.000000
0.183673 0.306122 0 0.000000
0.204082 0.306122 0 0.000000
0.224490 0.306122 0 0.000000
0.244898 0.306122 0 0.000000
0.265306 0.306122 0 0.000000
0.285714 0.306122 0 0.000000
0.306122 0.306122 0 0.000000
0.326531 0.306122 0 0.000000
0.346939 0.306122 0 0.000000
0.367347 0.306122 0 0.000000
0.387755 0.306122 0 0.000000
0.408163 0.306122 0 0.000000
0.428571 0.306122 0 0.000000
0.448980 0.306122 0 0.000000
0.469388 0.306122 0 0.000000
0.489796 0.306122 0 0.000000
0.510204 0.306122 0 0.000000
0.530612 0.306122 0 0.000000
0.551020 0.306122 0 0.000000
0.571429 0.306122 0 0.000000
0.591837 0.306122 0 0.000000
0.612245 0.306122 0 0.000000
0.632653 0.306122 0 0.000000
0.653061 0.306122 0 0.000000
0.673469 0.306122 0 0.000000
0.693878 0.306122 0 0.000000
0.714286 0.306122 0 0.000000
0.734694 0.306122 0 0.000000
0.755102 0.306122 0 0.000000
0.775510 0.306122 0 0.000000
0.795918 0.306122 0 0.000000
0.816327 0.306122 0 0.000000
0.836735 0.306122 0 0.000000
0.857143 0.306122 0 0.000000
0.877551 0.306122 0 0.000000
0.897959 0.306122 0 0.000000
0.918367 0.306122 0 0.000000
0.938776 0.306122 0 0.000000
0.959184 0.306122 0 0.000000
0.979592 0.306122 0 0.000000
1.000000 0.306122 1 0.000000
0.000000 0.326531 1 0.000000
0.020408 0.326531 0 0.000000
0.040816 0.326531 0 0.000000
0.061224 0.326531 0 0.000000
0.081633 0.326531 0 0.000000
0.102041 0.326531 0 0.000000
0.122449 0.326531 0 0.000000
0.142857 0.326531 0 0.000000
0.163265 0.326531 0 0.000000
0.183673 0.326531 0 0.000000
0.204082 0.326531 0 0.000000
0.224490 0.326531 0 0.000000
0.244898 0.326531 0 0.000000
0.265306 0.326531 0 0.000000
0.285714 0.326531 0 0.000000
0.306122 0.326531 0 0.000000
0.326531 0.326531 0 0.000000
0.346939 0.326531 0 0.000000
0.367347 0.326531 0 0.000000
0.387755 0.326531 0 0.000000
0.408163 0.326531 0 0.000000
0.428571 0.326531 0 0.000000
0.448980 0.326531 0 0.000000
0.469388 0.326531 0 0.000000
0.489796 0.326531 0 0.000000
0.510204 0.326531 0 0.000000
0.530612 0.326531 0 0.000000
0.551020 0.326531 0 0.000000
0.571429 0.326531 0 0.000000
0.591837 0.326531 0 0.000000
0.612245 0.326531 0 0.000000
0.632653 0.326531 0 0.000000
0.653061 0.326531 0 0.000000
0.673469 0.326531 0 0.000000
0.693878 0.326531 0 0.000000
0.714286 0.326531 0 0.000000
0.734694 0.326531 0 0.000000
0.755102 0.326531 0 0.000000
0.775510 0.326531 0 0.000000
0.795918 0.326531 0 0.000000
0.816327 0.326531 0 0.000000
0.836735 0.326531 0 0.000000
0.857143 0.326531 0 0.000000
0.877551 0.326531 0 0.000000
0.897959 0.326531 0 0.000000
0.918367 0.326531 0 0.000000
0.938776 0.326531 0 0.000000
0.959184 0.326531 0 0.000000
0.979592 0.326531 0 0.000000
1.000000 0.326531 1 0.000000
0.000000 0.346939 1 0.000000
0.020408 0.346939 0 0.000000
0.040816 0.346939 0 0.000000
0.061224 0.346939 0 0.000000
0.081633 0.346939 0 0.000000
0.102041 0.346939 0 0.000000
0.122449 0.346939 0 0.000000
0.142857 0.346939 0 0.000000
0.163265 0.346939 0 0.000000
0.183673 0.346939 0 0.000000
0.204082 0.346939 0 0.000000
0.224490 0.346939 0 0.000000
0.244898 0.346939 0 0.000000
0.265306 0.346939 0 0.000000
0.285714 0.346939 0 0.000000
0.306122 0.346939 0 0.000000
0.326531 0.346939 0 0.000000
0.346939 0.346939 0 0.000000
0.367347 0.346939 0 0.000000
0.387755 0.346939 0 0.000000
0.408163 0.346939 0 0.000000
0.428571 0.346939 0 0.000000
0.448980 0.346939 0 0.000000
0.469388 0.346939 0 0.000000
0.489796 0.346939 0 0.000000
0.510204 0.346939 0 0.000000
0.530612 0.346939 0 0.000000
0.551020 0.346939 0 0.000000
0.571429 0.346939 0 0.000000
0.591837 0.346939 0 0.000000
0.612245 0.346939 0 0.000000
0.632653 0.346939 0 0.000000
0.653061 0.346939 0 0.000000
0.673469 0.346939 0 0.000000
0.693878 0.346939 0 0.000000
0.714286 0.346939 0 0.000000
0.734694 0.346939 0 0.000000
0.755102 0.346939 0 0.000000
0.775510 0.346939 0 0.000000
0.795918 0.346939 0 0.000000
0.816327 0.346939 0 0.000000
0.836735 0.346939 0 0.000000
0.857143 0.346939 0 0.000000
0.877551 0.346939 0 0.000000
0.897959 0.346939 0 0.000000
0.918367 0.346939 0 0.000000
0.938776 0.346939 0 0.000000
0.959184 0.346939 0 0.000000
0.979592 0.346939 0 0.000000
1.000000 0.346939 1 0.000000
0.000000 0.367347 1 0.000000
0.020408 0.367347 0 0.000000
0.040816 0.367347 0 0.000000
0.061224 0.367347 0 0.000000
0.081633 0.367347 0 0.000000
0.102041 0.367347 0 0.000000
0.122449 0.367347 0 0.000000
0.142857 0.367347 0 0.000000
0.163265 0.367347 0 0.000000
0.183673 0.367347 0 0.000000
0.204082 0.367347 0 0.000000
0.224490 0.367347 0 0.000000
0.244898 0.367347 0 0.000000
0.265306 0.367347 0 0.000000
0.285714 0.367347 0 0.000000
0.306122 0.367347 0 0.000000
0.326531 0.367347 0 0.000000
0.346939 0.367347 0 0.000000
0.367347 0.367347 0 0.000000
0.387755 0.367347 0 0.000000
0.408163 0.367347 0 0.000000
0.428571 0.367347 0 0.000000
0.448980 0.367347 0 0.000000
0.469388 0.367347 0 0.000000
0.489796 0.367347 0 0.000000
0.510204 0.367347 0 0.000000
0.530612 0.367347 0 0.000000
0.551020 0.367347 0 0.000000
0.571429 0.367347 0 0.000000
0.591837 0.367347 0 0.000000
0.612245 0.367347 0 0.000000
0.632653 0.367347 0 0.000000
0.653061 0.367347 0 0.000000
0.673469 0.367347 0 0.000000
0.693878 0.367347 0 0.000000
0.714286 0.367347 0 0.000000
0.734694 0.367347 0 0.000000
0.755102 0.367347 0 0.000000
0.775510 0.367347 0 0.000000
0.795918 0.367347 0 0.000000
0.816327 0.367347 0 0.000000
0.836735 0.367347 0 0.000000
0.857143 0.367347 0 0.000000
0.877551 0.367347 0 0.000000
0.897959 0.367347 0 0.000000
0.918367 0.367347 0 0.000000
0.938776 0.367347 0 0.000000
0.959184 0.367347 0 0.000000
0.979592 0.367347 0 0.000000
1.000000 0.367347 1 0.000000
0.000000 0.387755 1 0.000000
0.020408 0.387755 0 0.000000
0.040816 0.387755 0 0.000000
0.061224 0.387755 0 0.000000
0.081633 0.387755 0 0.000000
0.102041 0.387755 0 0.000000
0.122449 0.387755 0 0.000000
0.142857 0.387755 0 0.000000
0.163265 0.387755 0 0.000000
0.183673 0.387755 0 0.000000
0.204082 0.387755 0 0.000000
0.224490 0.387755 0 0.000000
0.244898 0.387755 0 0.000000
0.265306 0.387755 0 0.000000
0.285714 0.387755 0 0.000000
0.306122 0.387755 0 0.000000
0.326531 0.387755 0 0.000000
0.346939 0.387755 0 0.000000
0.367347 0.387755 0 0.000000
0.387755 0.387755 0 0.000000
0.408163 0.387755 0 0.000000
0.428571 0.387755 0 0.000000
0.448980 0.387755 0 0.000000
0.469388 0.387755 0 0.000000
0.489796 0.387755 0 0.000000
0.510204 0.387755 0 0.000000
0.530612 0.387755 0 0.000000
0.551020 0.387755 0 0.000000
0.571429 0.387755 0 0.000000
0.591837 0.387755 0 0.000000
0.612245 0.387755 0 0.000000
0.632653 0.387755 0 0.000000
0.653061 0.387755 0 0.000000
0.673469 0.387755 0 0.000000
0.693878 0.387755 0 0.000000
0.714286 0.387755 0 0.000000
0.734694 0.387755 0 0.000000
0.755102 0.387755 0 0.000000
0.775510 0.387755 0 0.000000
0.795918 0.387755 0 0.000000
0.816327 0.387755 0 0.000000
0.836735 0.387755 0 0.000000
0.857143 0.387755 0 0.000000
0.877551 0.387755 0 0.000000
0.897959 0.387755 0 0.000000
0.918367 0.387755 0 0.000000
0.938776 0.387755 0 0.000000
0.959184 0.387755 0 0.000000
0.979592 0.387755 0 0.000000
1.000000 0.387755 1 0.000000
0.000000 0.408163 1 0.000000
0.020408 0.408163 0 0.000000
0.040816 0.408163 0 0.000000
0.061224 0.408163 0 0.000000
0.081633 0.408163 0 0.000000
0.102041 0.408163 0 0.000000
0.122449 0.408163 0 0.000000
0.142857 0.408163 0 0.000000
0.163265 0.408163 0 0.000000
0.183673 0.408163 0 0.000000
0.204082 0.408163 0 0.000000
0.224490 0.408163 0 0.000000
0.244898 0.408163 0 0.000000
0.265306 0.408163 0 0.000000
0.285714 0.408163 0 0.000000
0.306122 0.408163 0 0.000000
0.326531 0.408163 0 0.000000
0.346939 0.408163 0 0.000000
0.367347 0.408163 0 0.000000
0.387755 0.408163 0 0.000000
0.408163 0.408163 0 0.000000
0.428571 0.408163 0 0.000000
0.448980 0.408163 0 0.000000
0.469388 0.408163 0 0.000000
0.489796 0.408163 0 0.000000
0.510204 0.408163 0 0.000000
0.530612 0.408163 0 0.000000
0.551020 0.408163 0 0.000000
0.571429 0.408163 0 0.000000
0.591837 0.408163 0 0.000000
0.612245 0.408163 0 0.000000
0.632653 0.408163 0 0.000000
0.653061 0.408163 0 0.000000
0.673469 0.408163 0 0.000000
0.693878 0.408163 0 0.000000
0.714286 0.408163 0 0.000000
0.734694 0.408163 0 0.000000
0.755102 0.408163 0 0.000000
0.775510 0.408163 0 0.000000
0.795918 0.408163 0 0.000000
0.816327 0.408163 0 0.000000
0.836735 0.408163 0 0.000000
0.857143 0.408163 0 0.000000
0.877551 0.408163 0 0.000000
0.897959 0.408163 0 0.000000
0.918367 0.408163 0 0.000000
0.938776 0.408163 0 0.000000
0.959184 0.408163 0 0.000000
0.979592 0.408163 0 0.000000
1.000000 0.408163 1 0.000000
0.000000 0.428571 1 0.000000
0.020408 0.428571 0 0.000000
0.040816 0.428571 0 0.000000
0.061224 0.428571 0 0.000000
0.081633 0.428571 0 0.000000
0.102041 0.428571 0 0.000000
0.122449 0.428571 0 0.000000
0.142857 0.428571 0 0.000000
0.163265 0.428571 0 0.000000
0.183673 0.428571 0 0.000000
0.204082 0.428571 0 0.000000
0.224490 0.428571 0 0.000000
0.244898 0.428571 0 0.000000
0.265306 0.428571 0 0.000000
0.285714 0.428571 0 0.000000
0.306122 0.428571 0 0.000000
0.326531 0.428571 0 0.000000
0.346939 0.428571 0 0.000000
0.367347 0.428571 0 0.000000
0.387755 0.428571 0 0.000000
0.408163 0.428571 0 0.000000
0.428571 0.428571 0 0.000000
0.448980 0.428571 0 0.000000
0.469388 0.428571 0 0.000000
0.489796 0.428571 0 0.000000
0.510204 0.428571 0 0.000000
0.530612 0.428571 0 0.000000
0.551020 0.428571 0 0.000000
0.571429 0.428571 0 0.000000
0.591837 0.428571 0 0.000000
0.612245 0.428571 0 0.000000
0.632653 0.428571 0 0.000000
0.653061 0.428571 0 0.000000
0.673469 0.428571 0 0.000000
0.693878 0.428571 0 0.000000
0.714286 0.428571 0 0.000000
0.734694 0.428571 0 0.000000
0.755102 0.428571 0 0.000000
0.775510 0.428571 0 0.000000
0.795918 0.428571 0 0.000000
0.816327 0.428571 0 0.000000
0.836735 0.428571 0 0.000000
0.857143 0.428571 0 0.000000
0.877551 0.428571 0 0.000000
0.897959 0.428571 0 0.000000
0.918367 0.428571 0 0.000000
0.938776 0.428571 0 0.000000
0.959184 0.428571 0 0.000000
0.979592 0.428571 0 0.000000
1.000000 0.428571 1 0.000000
0.000000 0.448980 1 0.000000
0.020408 0.448980 0 0.000000
0.040816 0.448980 0 0.000000
0.061224 0.448980 0 0.000000
0.081633 0.448980 0 0.000000
0.102041 0.448980 0 0.000000
0.122449 0.448980 0 0.000000
0.142857 0.448980 0 0.000000
0.163265 0.448980 0 0.000000
0.183673 0.448980 0 0.000000
0.204082 0.448980 0 0.000000
0.224490 0.448980 0 0.000000
0.244898 0.448980 0 0.000000
0.265306 0.448980 0 0.000000
0.285714 0.448980 0 0.000000
0.306122 0.448980 0 0.000000
0.326531 0.448980 0 0.000000
0.346939 0.448980 0 0.000000
0.367347 0.448980 0 0.000000
0.387755 0.448980 0 0.000000
0.408163 0.448980 0 0.000000
0.428571 0.448980 0 0.000000
0.448980 0.448980 0 0.000000
0.469388 0.448980 0 0.000000
0.489796 0.448980 0 0.000000
0.510204 0.448980 0 0.000000
0.530612 0.448980 0 0.000000
0.551020 0.448980 0 0.000000
0.571429 0.448980 0 0.000000
0.591837 0.448980 0 0.000000
0.612245 0.448980 0 0.000000
0.632653 0.448980 0 0.000000
0.653061 0.448980 0 0.000000
0.673469 0.448980 0 0.000000
0.693878 0.448980 0 0.000000
0.714286 0.448980 0 0.000000
0.734694 0.448980 0 0.000000
0.755102 0.448980 0 0.000000
0.775510 0.448980 0 0.000000
0.795918 0.448980 0 0.000000
0.816327 0.448980 0 0.000000
0.836735 0.448980 0 0.000000
0.857143 0.448980 0 0.000000
0.877551 0.448980 0 0.000000
0.897959 0.448980 0 0.000000
0.918367 0.448980 0 0.000000
0.938776 0.448980 0 0.000000
0.959184 0.448980 0 0.000000
0.979592 0.448980 0 0.000000
1.000000 0.448980 1 0.000000
0.000000 0.469388 1 0.000000
0.020408 0.469388 0 0.000000
0.040816 0.469388 0 0.000000
0.061224 0.469388 0 0.000000
0.081633 0.469388 0 0.000000
0.102041 0.469388 0 0.000000
0.122449 0.469388 0 0.000000
0.142857 0.469388 0 0.000000
0.163265 0.469388 0 0.000000
0.183673 0.469388 0 0.000000
0.204082 0.469388 0 0.000000
0.224490 0.469388 0 0.000000
0.244898 0.469388 0 0.000000
0.265306 0.469388 0 0.000000
0.285714 0.469388 0 0.000000
0.306122 0.469388 0 0.000000
0.326531 0.469388 0 0.000000
0.346939 0.469388 0 0.000000
0.367347 0.469388 0 0.000000
0.387755 0.469388 0 0.000000
0.408163 0.469388 0 0.000000
0.428571 0.469388 0 0.000000
0.448980 0.469388 0 0.000000
0.469388 0.469388 0 0.000000
0.489796 0.469388 0 0.000000
0.510204 0.469388 0 0.000000
0.530612 0.469388 0 0.000000
0.551020 0.469388 0 0.000000
0.571429 0.469388 0 0.000000
0.591837 0.469388 0 0.000000
0.612245 0.469388 0 0.000000
0.632653 0.469388 0 0.000000
0.653061 0.469388 0 0.000000
0.673469 0.469388 0 0.000000
0.693878 0.469388 0 0.000000
0.714286 0.469388 0 0.000000
0.734694 0.469388 0 0.000000
0.755102 0.469388 0 0.000000
0.775510 0.469388 0 0.000000
0.795918 0.469388 0 0.000000
0.816327 0.469388 0 0.000000
0.836735 0.469388 0 0.000000
0.857143 0.469388 0 0.000000
0.877551 0.469388 0 0.000000
0.897959 0.469388 0 0.000000
0.918367 0.469388 0 0.000000
0.938776 0.469388 0 0.000000
0.959184 0.469388 0 0.000000
0.979592 0.469388 0 0.000000
1.000000 0.469388 1 0.000000
0.000000 0.489796 1 0.000000
0.020408 0.489796 0 0.000000
0.040816 0.489796 0 0.000000
0.061224 0.489796 0 0.000000
0.081633 0.489796 0 0.000000
0.102041 0.489796 0 0.000000
0.122449 0.489796 0 0.000000
0.142857 0.489796 0 0.000000
0.163265 0.489796 0 0.000000
0.183673 0.489796 0 0.000000
0.204082 0.489796 0 0.000000
0.224490 0.489796 0 0.000000
0.244898 0.489796 0 0.000000
0.265306 0.489796 0 0.000000
0.285714 0.489796 0 0.000000
0.306122 0.489796 0 0.000000
0.326531 0.489796 0 0.000000
0.346939 0.489796 0 0.000000
0.367347 0.489796 0 0.000000
0.387755 0.489796 0 0.000000
0.408163 0.489796 0 0.000000
0.428571 0.489796 0 0.000000
0.448980 0.489796 0 0.000000
0.469388 0.489796 0 0.000000
0.489796 0.489796 0 0.000000
0.510204 0.489796 0 0.000000
0.530612 0.489796 0 0.000000
0.551020 0.489796 0 0.000000
0.571429 0.489796 0 0.000000
0.591837 0.489796 0 0.000000
0.612245 0.489796 0 0.000000
0.632653 0.489796 0 0.000000
0.653061 0.489796 0 0.000000
0.673469 0.489796 0 0.000000
0.693878 0.489796 0 0.000000
0.714286 0.489796 0 0.000000
0.734694 0.489796 0 0.000000
0.755102 0.489796 0 0.000000
0.775510 0.489796 0 0.000000
0.795918 0.489796 0 0.000000
0.816327 0.489796 0 0.000000
0.836735 0.489796 0 0.000000
0.857143 0.489796 0 0.000000
0.877551 0.489796 0 0.000000
0.897959 0.489796 0 0.000000
0.918367 0.489796 0 0.000000
0.938776 0.489796 0 0.000000
0.959184 0.489796 0 0.000000
0.979592 0.489796 0 0.000000
1.000000 0.489796 1 0.000000
0.000000 0.510204 1 0.000000
0.020408 0.510204 0 0.000000
0.040816 0.510204 0 0.000000
0.061224 0.510204 0 0.000000
0.081633 0.510204 0 0.000000
0.102041 0.510204 0 0.000000
0.122449 0.510204 0 0.000000
0.142857 0.510204 0 0.000000
0.163265 0.510204 0 0.000000
0.183673 0.510204 0 0.000000
0.204082 0.510204 0 0.000000
0.224490 0.510204 0 0.000000
0.244898 0.510204 0 0.000000
0.265306 0.510204 0 0.000000
0.285714 0.510204 0 0.000000
0.306122 0.510204 0 0.000000
0.326531 0.510204 0 0.000000
0.346939 0.510204 0 0.000000
0.367347 0.510204 0 0.000000
0.387755 0.510204 0 0.000000
0.408163 0.510204 0 0.000000
0.428571 0.510204 0 0.000000
0.448980 0.510204 0 0.000000
0.469388 0.510204 0 0.000000
0.489796 0.510204 0 0.000000
0.510204 0.510204 0 0.000000
0.530612 0.510204 0 0.000000
0.551020 0.510204 0 0.000000
0.571429 0.510204 0 0.000000
0.591837 0.510204 0 0.000000
0.612245 0.510204 0 0.000000
0.632653 0.510204 0 0.000000
0.653061 0.510204 0 0.000000
0.673469 0.510204 0 0.000000
0.693878 0.510204 0 0.000000
0.714286 0.510204 0 0.000000
0.734694 0.510204 0 0.000000
0.755102 0.510204 0 0.000000
0.775510 0.510204 0 0.000000
0.795918 0.510204 0 0.000000
0.816327 0.510204 0 0.000000
0.836735 0.510204 0 0.000000
0.857143 0.510204 0 0.000000
0.877551 0.510204 0 0.000000
0.897959 0.510204 0 0.000000
0.918367 0.510204 0 0.000000
0.938776 0.510204 0 0.000000
0.959184 0.510204 0 0.000000
0.979592 0.510204 0 0.000000
1.000000 0.510204 1 0.000000
0.000000 0.530612 1 0.000000
0.020408 0.530612 0 0.000000
0.040816 0.530612 0 0.000000
0.061224 0.530612 0 0.000000
0.081633 0.530612 0 0.000000
0.102041 0.530612 0 0.000000
0.122449 0.530612 0 0.000000
0.142857 0.530612 0 0.000000
0.163265 0.530612 0 0.000000
0.183673 0.530612 0 0.000000
0.204082 0.530612 0 0.000000
0.224490 0.530612 0 0.000000
0.244898 0.530612 0 0.000000
0.265306 0.530612 0 0.000000
0.285714 0.530612 0 0.000000
0.306122 0.530612 0 0.000000
0.326531 0.530612 0 0.000000
0.346939 0.530612 0 0.000000
0.367347 0.530612 0 0.000000
0.387755 0.530612 0 0.000000
0.408163 0.530612 0 0.000000
0.428571 0.530612 0 0.000000
0.448980 0.530612 0 0.000000
0.469388 0.530612 0 0.000000
0.489796 0.530612 0 0.000000
0.510204 0.530612 0 0.000000
0.530612 0.530612 0 0.000000
0.551020 0.530612 0 0.000000
0.571429 0.530612 0 0.000000
0.591837 0.530612 0 0.000000
0.612245 0.530612 0 0.000000
0.632653 0.530612 0 0.000000
0.653061 0.530612 0 0.000000
0.673469 0.530612 0 0.000000
0.693878 0.530612 0 0.000000
0.714286 0.530612 0 0.000000
0.734694 0.530612 0 0.000000
0.755102 0.530612 0 0.000000
0.775510 0.530612 0 0.000000
0.795918 0.530612 0 0.000000
0.816327 0.530612 0 0.000000
0.836735 0.530612 0 0.000000
0.857143 0.530612 0 0.000000
0.877551 0.530612 0 0.000000
0.897959 0.530612 0 0.000000
0.918367 0.530612 0 0.000000
0.938776 0.530612 0 0.000000
0.959184 0.530612 0 0.000000
0.979592 0.530612 0 0.000000
1.000000 0.530612 1 0.000000
0.000000 0.551020 1 0.000000
0.020408 0.551020 0 0.000000
0.040816 0.551020 0 0.000000
0.061224 0.551020 0 0.000000
0.081633 0.551020 0 0.000000
0.102041 0.551020 0 0.000000
0.122449 0.551020 0 0.000000
0.142857 0.551020 0 0.000000
0.163265 0.551020 0 0.000000
0.183673 0.551020 0 0.000000
0.204082 0.551020 0 0.000000
0.224490 0.551020 0 0.000000
0.244898 0.551020 0 0.000000
0.265306 0.551020 0 0.000000
0.285714 0.551020 0 0.000000
0.306122 0.551020 0 0.000000
0.326531 0.551020 0 0.000000
0.346939 0.551020 0 0.000000
0.367347 0.551020 0 0.000000
0.387755 0.551020 0 0.000000
0.408163 0.551020 0 0.000000
0.428571 0.551020 0 0.000000
0.448980 0.551020 0 0.000000
0.469388 0.551020 0 0.000000
0.489796 0.551020 0 0.000000
0.510204 0.551020 0 0.000000
0.530612 0.551020 0 0.000000
0.551020 0.551020 0 0.000000
0.571429 0.551020 0 0.000000
0.591837 0.551020 0 0.000000
0.612245 0.551020 0 0.000000
0.632653 0.551020 0 0.000000
0.653061 0.551020 0 0.000000
0.673469 0.551020 0 0.000000
0.693878 0.551020 0 0.000000
0.714286 0.551020 0 0.000000
0.734694 0.551020 0 0.000000
0.755102 0.551020 0 0.000000
0.775510 0.551020 0 0.000000
0.795918 0.551020 0 0.000000
0.816327 0.551020 0 0.000000
0.836735 0.551020 0 0.000000
0.857143 0.551020 0 0.000000
0.877551 0.551020 0 0.000000
0.897959 0.551020 0 0.000000
0.918367 0.551020 0 0.000000
0.938776 0.551020 0 0.000000
0.959184 0.551020 0 0.000000
0.979592 0.551020 0 0.000000
1.000000 0.551020 1 0.000000
0.000000 0.571429 1 0.000000
0.020408 0.571429 0 0.000000
0.040816 0.571429 0 0.000000
0.061224 0.571429 0 0.000000
0.081633 0.571429 0 0.000000
0.102041 0.571429 0 0.000000
0.122449 0.571429 0 0.000000
0.142857 0.571429 0 0.000000
0.163265 0.571429 0 0.000000
0.183673 0.571429 0 0.000000
0.204082 0.571429 0 0.000000
0.224490 0.571429 0 0.000000
0.244898 0.571429 0 0.000000
0.265306 0.571429 0 0.000000
0.285714 0.571429 0 0.000000
0.306122 0.571429 0 0.000000
0.326531 0.571429 0 0.000000
0.346939 0.571429 0 0.000000
0.367347 0.571429 0 0.000000
0.387755 0.571429 0 0.000000
0.408163 0.571429 0 0.000000
0.428571 0.571429 0 0.000000
0.448980 0.571429 0 0.000000
0.469388 0.571429 0 0.000000
0.489796 0.571429 0 0.000000
0.510204 0.571429 0 0.000000
0.530612 0.571429 0 0.000000
0.551020 0.571429 0 0.000000
0.571429 0.571429 0 0.000000
0.591837 0.571429 0 0.000000
0.612245 0.571429 0 0.000000
0.632653 0.571429 0 0.000000
0.653061 0.571429 0 0.000000
0.673469 0.571429 0 0.000000
0.693878 0.571429 0 0.000000
0.714286 0.571429 0 0.000000
0.734694 0.571429 0 0.000000
0.755102 0.571429 0 0.000000
0.775510 0.571429 0 0.000000
0.795918 0.571429 0 0.000000
0.816327 0.571429 0 0.000000
0.836735 0.571429 0 0.000000
0.857143 0.571429 0 0.000000
0.877551 0.571429 0 0.000000
0.897959 0.571429 0 0.000000
0.918367 0.571429 0 0.000000
0.938776 0.571429 0 0.000000
0.959184 0.571429 0 0.000000
0.979592 0.571429 0 0.000000
1.000000 0.571429 1 0.000000
0.000000 0.591837 1 0.000000
0.020408 0.591837 0 0.000000
0.040816 0.591837 0 0.000000
0.061224 0.591837 0 0.000000
0.081633 0.591837 0 0.000000
0.102041 0.591837 0 0.000000
0.122449 0.591837 0 0.000000
0.142857 0.591837 0 0.000000
0.163265 0.591837 0 0.000000
0.183673 0.591837 0 0.000000
0.204082 0.591837 0 0.000000
0.224490 0.591837 0 0.000000
0.244898 0.591837 0 0.000000
0.265306 0.591837 0 0.000000
0.285714 0.591837 0 0.000000
0.306122 0.591837 0 0.000000
0.326531 0.591837 0 0.000000
0.346939 0.591837 0 0.000000
0.367347 0.591837 0 0.000000
0.387755 0.591837 0 0.000000
0.408163 0.591837 0 0.000000
0.428571 0.591837 0 0.000000
0.448980 0.591837 0 0.000000
0.469388 0.591837 0 0.000000
0.489796 0.591837 0 0.000000
0.510204 0.591837 0 0.000000
0.530612 0.591837 0 0.000000
0.551020 0.591837 0 0.000000
0.571429 0.591837 0 0.000000
0.591837 0.591837 0 0.000000
0.612245 0.591837 0 0.000000
0.632653 0.591837 0 0.000000
0.653061 0.591837 0 0.000000
0.673469 0.591837 0 0.000000
0.693878 0.591837 0 0.000000
0.714286 0.591837 0 0.000000
0.734694 0.591837 0 0.000000
0.755102 0.591837 0 0.000000
0.775510 0.591837 0 0.000000
0.795918 0.591837 0 0.000000
0.816327 0.591837 0 0.000000
0.836735 0.591837 0 0.000000
0.857143 0.591837 0 0.000000
0.877551 0.591837 0 0.000000
0.897959 0.591837 0 0.000000
0.918367 0.591837 0 0.000000
0.938776 0.591837 0 0.000000
0.959184 0.591837 0 0.000000
0.979592 0.591837 0 0.000000
1.000000 0.591837 1 0.000000
0.000000 0.612245 1 0.000000
0.020408 0.612245 0 0.000000
0.040816 0.612245 0 0.000000
0.061224 0.612245 0 0.000000
0.081633 0.612245 0 0.000000
0.102041 0.612245 0 0.000000
0.122449 0.612245 0 0.000000
0.142857 0.612245 0 0.000000
0.163265 0.612245 0 0.000000
0.183673 0.612245 0 0.000000
0.204082 0.612245 0 0.000000
0.224490 0.612245 0 0.000000
0.244898 0.612245 0 0.000000
0.265306 0.612245 0 0.000000
0.285714 0.612245 0 0.000000
0.306122 0.612245 0 0.000000
0.326531 0.612245 0 0.000000
0.346939 0.612245 0 0.000000
0.367347 0.612245 0 0.000000
0.387755 0.612245 0 0.000000
0.408163 0.612245 0 0.000000
0.428571 0.612245 0 0.000000
0.448980 0.612245 0 0.000000
0.469388 0.612245 0 0.000000
0.489796 0.612245 0 0.000000
0.510204 0.612245 0 0.000000
0.530612 0.612245 0 0.000000
0.551020 0.612245 0 0.000000
0.571429 0.612245 0 0.000000
0.591837 0.612245 0 0.000000
0.612245 0.612245 0 0.000000
0.632653 0.612245 0 0.000000
0.653061 0.612245 0 0.000000
0.673469 0.612245 0 0.000000
0.693878 0.612245 0 0.000000
0.714286 0.612245 0 0.000000
0.734694 0.612245 0 0.000000
0.755102 0.612245 0 0.000000
0.775510 0.612245 0 0.000000
0.795918 0.612245 0 0.000000
0.816327 0.612245 0 0.000000
0.836735 0.612245 0 0.000000
0.857143 0.612245 0 0.000000
0.877551 0.612245 0 0.000000
0.897959 0.612245 0 0.000000
0.918367 0.612245 0 0.000000
0.938776 0.612245 0 0.000000
0.959184 0.612245 0 0.000000
0.979592 0.612245 0 0.000000
1.000000 0.612245 1 0.000000
0.000000 0.632653 1 0.000000
0.020408 0.632653 0 0.000000
0.040816 0.632653 0 0.000000
0.061224 0.632653 0 0.000000
0.081633 0.632653 0 0.000000
0.102041 0.632653 0 0.000000
0.122449 0.632653 0 0.000000
0.142857 0.632653 0 0.000000
0.163265 0.632653 0 0.000000
0.183673 0.632653 0 0.000000
0.204082 0.632653 0 0.000000
0.224490 0.632653 0 0.000000
0.244898 0.632653 0 0.000000
0.265306 0.632653 0 0.000000
0.285714 0.632653 0 0.000000
0.306122 0.632653 0 0.000000
0.326531 0.632653 0 0.000000
0.346939 0.632653 0 0.000000
0.367347 0.632653 0 0.000000
0.387755 0.632653 0 0.000000
0.408163 0.632653 0 0.000000
0.428571 0.632653 0 0.000000
0.448980 0.632653 0 0.000000
0.469388 0.632653 0 0.000000
0.489796 0.632653 0 0.000000
0.510204 0.632653 0 0.000000
0.530612 0.632653 0 0.000000
0.551020 0.632653 0 0.000000
0.571429 0.632653 0 0.000000
0.591837 0.632653 0 0.000000
0.612245 0.632653 0 0.000000
0.632653 0.632653 0 0.000000
0.653061 0.632653 0 0.000000
0.673469 0.632653 0 0.000000
0.693878 0.632653 0 0.000000
0.714286 0.632653 0 0.000000
0.734694 0.632653 0 0.000000
0.755102 0.632653 0 0.000000
0.775510 0.632653 0 0.000000
0.795918 0.632653 0 0.000000
0.816327 0.632653 0 0.000000
0.836735 0.632653 0 0.000000
0.857143 0.632653 0 0.000000
0.877551 0.632653 0 0.000000
0.897959 0.632653 0 0.000000
0.918367 0.632653 0 0.000000
0.938776 0.632653 0 0.000000
0.959184 0.632653 0 0.000000
0.979592 0.632653 0 0.000000
1.000000 0.632653 1 0.000000
0.000000 0.653061 1 0.000000
0.020408 0.653061 0 0.000000
0.040816 0.653061 0 0.000000
0.061224 0.653061 0 0.000000
0.081633 0.653061 0 0.000000
0.102041 0.653061 0 0.000000
0.122449 0.653061 0 0.000000
0.142857 0.653061 0 0.000000
0.163265 0.653061 0 0.000000
0.183673 0.653061 0 0.000000
0.204082 0.653061 0 0.000000
0.224490 0.653061 0 0.000000
0.244898 0.653061 0 0.000000
0.265306 0.653061 0 0.000000
0.285714 0.653061 0 0.000000
0.306122 0.653061 0 0.000000
0.326531 0.653061 0 0.000000
0.346939 0.653061 0 0.000000
0.367347 0.653061 0 0.000000
0.387755 0.653061 0 0.000000
0.408163 0.653061 0 0.000000
0.428571 0.653061 0 0.000000
0.448980 0.653061 0 0.000000
0.469388 0.653061 0 0.000000
0.489796 0.653061 0 0.000000
0.510204 0.653061 0 0.000000
0.530612 0.653061 0 0.000000
0.551020 0.653061 0 0.000000
0.571429 0.653061 0 0.000000
0.591837 0.653061 0 0.000000
0.612245 0.653061 0 0.000000
0.632653 0.653061 0 0.000000
0.653061 0.653061 0 0.000000
0.673469 0.653061 0 0.000000
0.693878 0.653061 0 0.000000
0.714286 0.653061 0 0.000000
0.734694 0.653061 0 0.000000
0.755102 0.653061 0 0.000000
0.775510 0.653061 0 0.000000
0.795918 0.653061 0 0.000000
0.816327 0.653061 0 0.000000
0.836735 0.653061 0 0.000000
0.857143 0.653061 0 0.000000
0.877551 0.653061 0 0.000000
0.897959 0.653061 0 0.000000
0.918367 0.653061 0 0.000000
0.938776 0.653061 0 0.000000
0.959184 0.653061 0 0.000000
0.979592 0.653061 0 0.000000
1.000000 0.653061 1 0.000000
0.000000 0.673469 1 0.000000
0.020408 0.673469 0 0.000000
0.040816 0.673469 0 0.000000
0.061224 0.673469 0 0.000000
0.081633 0.673469 0 0.000000
0.102041 0.673469 0 0.000000
0.122449 0.673469 0 0.000000
0.142857 0.673469 0 0.000000
0.163265 0.673469 0 0.000000
0.183673 0.673469 0 0.000000
0.204082 0.673469 0 0.000000
0.224490 0.673469 0 0.000000
0.244898 0.673469 0 0.000000
0.265306 0.673469 0 0.000000
0.285714 0.673469 0 0.000000
0.306122 0.673469 0 0.000000
0.326531 0.673469 0 0.000000
0.346939 0.673469 0 0.000000
0.367347 0.673469 0 0.000000
0.387755 0.673469 0 0.000000
0.408163 0.673469 0 0.000000
0.428571 0.673469 0 0.000000
0.448980 0.673469 0 0.000000
0.469388 0.673469 0 0.000000
0.489796 0.673469 0 0.000000
0.510204 0.673469 0 0.000000
0.530612 0.673469 0 0.000000
0.551020 0.673469 0 0.000000
0.571429 0.673469 0 0.000000
0.591837 0.673469 0 0.000000
0.612245 0.673469 0 0.000000
0.632653 0.673469 0 0.000000
0.653061 0.673469 0 0.000000
0.673469 0.673469 0 0.000000
0.693878 0.673469 0 0.000000
0.714286 0.673469 0 0.000000
0.734694 0.673469 0 0.000000
0.755102 0.673469 0 0.000000
0.775510 0.673469 0 0.000000
0.795918 0.673469 0 0.000000
0.816327 0.673469 0 0.000000
0.836735 0.673469 0 0.000000
0.857143 0.673469 0 0.000000
0.877551 0.673469 0 0.000000
0.897959 0.673469 0 0.000000
0.918367 0.673469 0 0.000000
0.938776 0.673469 0 0.000000
0.959184 0.673469 0 0.000000
0.979592 0.673469 0 0.000000
1.000000 0.673469 1 0.000000
0.000000 0.693878 1 0.000000
0.020408 0.693878 0 0.000000
0.040816 0.693878 0 0.000000
0.061224 0.693878 0 0.000000
0.081633 0.693878 0 0.000000
0.102041 0.693878 0 0.000000
0.122449 0.693878 0 0.000000
0.142857 0.693878 0 0.000000
0.163265 0.693878 0 0.000000
0.183673 0.693878 0 0.000000
0.204082 0.693878 0 0.000000
0.224490 0.693878 0 0.000000
0.244898 0.693878 0 0.000000
0.265306 0.693878 0 0.000000
0.285714 0.693878 0 0.000000
0.306122 0.693878 0 0.000000
0.326531 0.693878 0 0.000000
0.346939 0.693878 0 0.000000
0.367347 0.693878 0 0.000000
0.387755 0.693878 0 0.000000
0.408163 0.693878 0 0.000000
0.428571 0.693878 0 0.000000
0.448980 0.693878 0 0.000000
0.469388 0.693878 0 0.000000
0.489796 0.693878 0 0.000000
0.510204 0.693878 0 0.000000
0.530612 0.693878 0 0.000000
0.551020 0.693878 0 0.000000
0.571429 0.693878 0 0.000000
0.591837 0.693878 0 0.000000
0.612245 0.693878 0 0.000000
0.632653 0.693878 0 0.000000
0.653061 0.693878 0 0.000000
0.673469 0.693878 0 0.000000
0.693878 0.693878 0 0.000000
0.714286 0.693878 0 0.000000
0.734694 0.693878 0 0.000000
0.755102 0.693878 0 0.000000
0.775510 0.693878 0 0.000000
0.795918 0.693878 0 0.000000
0.816327 0.693878 0 0.000000
0.836735 0.693878 0 0.000000
0.857143 0.693878 0 0.000000
0.877551 0.693878 0 0.000000
0.897959 0.693878 0 0.000000
0.918367 0.693878 0 0.000000
0.938776 0.693878 0 0.000000
0.959184 0.693878 0 0.000000
0.979592 0.693878 0 0.000000
1.000000 0.693878 1 0.000000
0.000000 0.714286 1 0.000000
0.020408 0.714286 0 0.000000
0.040816 0.714286 0 0.000000
0.061224 0.714286 0 0.000000
0.081633 0.714286 0 0.000000
0.102041 0.714286 0 0.000000
0.122449 0.714286 0 0.000000
0.142857 0.714286 0 0.000000
0.163265 0.714286 0 0.000000
0.183673 0.714286 0 0.000000
0.204082 0.714286 0 0.000000
0.224490 0.714286 0 0.000000
0.244898 0.714286 0 0.000000
0.265306 0.714286 0 0.000000
0.285714 0.714286 0 0.000000
0.306122 0.714286 0 0.000000
0.326531 0.714286 0 0.000000
0.346939 0.714286 0 0.000000
0.367347 0.714286 0 0.000000
0.387755 0.714286 0 0.000000
0.408163 0.714286 0 0.000000
0.428571 0.714286 0 0.000000
0.448980 0.714286 0 0.000000
0.469388 0.714286 0 0.000000
0.489796 0.714286 0 0.000000
0.510204 0.714286 0 0.000000
0.530612 0.714286 0 0.000000
0.551020 0.714286 0 0.000000
0.571429 0.714286 0 0.000000
0.591837 0.714286 0 0.000000
0.612245 0.714286 0 0.000000
0.632653 0.714286 0 0.000000
0.653061 0.714286 0 0.000000
0.673469 0.714286 0 0.000000
0.693878 0.714286 0 0.000000
0.714286 0.714286 0 0.000000
0.734694 0.714286 0 0.000000
0.755102 0.714286 0 0.000000
0.775510 0.714286 0 0.000000
0.795918 0.714286 0 0.000000
0.816327 0.714286 0 0.000000
0.836735 0.714286 0 0.000000
0.857143 0.714286 0 0.000000
0.877551 0.714286 0 0.000000
0.897959 0.714286 0 0.000000
0.918367 0.714286 0 0.000000
0.938776 0.714286 0 0.000000
0.959184 0.714286 0 0.000000
0.979592 0.714286 0 0.000000
1.000000 0.714286 1 0.000000
0.000000 0.734694 1 0.000000
0.020408 0.734694 0 0.000000
0.040816 0.734694 0 0.000000
0.061224 0.734694 0 0.000000
0.081633 0.734694 0 0.000000
0.102041 0.734694 0 0.000000
0.122449 0.734694 0 0.000000
0.142857 0.734694 0 0.000000
0.163265 0.734694 0 0.000000
0.183673 0.734694 0 0.000000
0.204082 0.734694 0 0.000000
0.224490 0.734694 0 0.000000
0.244898 0.734694 0 0.000000
0.265306 0.734694 0 0.000000
0.285714 0.734694 0 0.000000
0.306122 0.734694 0 0.000000
0.326531 0.734694 0 0.000000
0.346939 0.734694 0 0.000000
0.367347 0.734694 0 0.000000
0.387755 0.734694 0 0.000000
0.408163 0.734694 0 0.000000
0.428571 0.734694 0 0.000000
0.448980 0.734694 0 0.000000
0.469388 0.734694 0 0.000000
0.489796 0.734694 0 0.000000
0.510204 0.734694 0 0.000000
0.530612 0.734694 0 0.000000
0.551020 0.734694 0 0.000000
0.571429 0.734694 0 0.000000
0.591837 0.734694 0 0.000000
0.612245 0.734694 0 0.000000
0.632653 0.734694 0 0.000000
0.653061 0.734694 0 0.000000
0.673469 0.734694 0 0.000000
0.693878 0.734694 0 0.000000
0.714286 0.734694 0 0.000000
0.734694 0.734694 0 0.000000
0.755102 0.734694 0 0.000000
0.775510 0.734694 0 0.000000
0.795918 0.734694 0 0.000000
0.816327 0.734694 0 0.000000
0.836735 0.734694 0 0.000000
0.857143 0.734694 0 0.000000
0.877551 0.734694 0 0.000000
0.897959 0.734694 0 0.000000
0.918367 0.734694 0 0.000000
0.938776 0.734694 0 0.000000
0.959184 0.734694 0 0.000000
0.979592 0.734694 0 0.000000
1.000000 0.734694 1 0.000000
0.000000 0.755102 1 0.000000
0.020408 0.755102 0 0.000000
0.040816 0.755102 0 0.000000
0.061224 0.755102 0 0.000000
0.081633 0.755102 0 0.000000
0.102041 0.755102 0 0.000000
0.122449 0.755102 0 0.000000
0.142857 0.755102 0 0.000000
0.163265 0.755102 0 0.000000
0.183673 0.755102 0 0.000000
0.204082 0.755102 0 0.000000
0.224490 0.755102 0 0.000000
0.244898 0.755102 0 0.000000
0.265306 0.755102 0 0.000000
0.285714 0.755102 0 0.000000
0.306122 0.755102 0 0.000000
0.326531 0.755102 0 0.000000
0.346939 0.755102 0 0.000000
0.367347 0.755102 0 0.000000
0.387755 0.755102 0 0.000000
0.408163 0.755102 0 0.000000
0.428571 0.755102 0 0.000000
0.448980 0.755102 0 0.000000
0.469388 0.755102 0 0.000000
0.489796 0.755102 0 0.000000
0.510204 0.755102 0 0.000000
0.530612 0.755102 0 0.000000
0.551020 0.755102 0 0.000000
0.571429 0.755102 0 0.000000
0.591837 0.755102 0 0.000000
0.612245 0.755102 0 0.000000
0.632653 0.755102 0 0.000000
0.653061 0.755102 0 0.000000
0.673469 0.755102 0 0.000000
0.693878 0.755102 0 0.000000
0.714286 0.755102 0 0.000000
0.734694 0.755102 0 0.000000
0.755102 0.755102 0 0.000000
0.775510 0.755102 0 0.000000
0.795918 0.755102 0 0.000000
0.816327 0.755102 0 0.000000
0.836735 0.755102 0 0.000000
0.857143 0.755102 0 0.000000
0.877551 0.755102 0 0.000000
0.897959 0.755102 0 0.000000
0.918367 0.755102 0 0.000000
0.938776 0.755102 0 0.000000
0.959184 0.755102 0 0.000000
0.979592 0.755102 0 0.000000
1.000000 0.755102 1 0.000000
0.000000 0.775510 1 0.000000
0.020408 0.775510 0 0.000000
0.040816 0.775510 0 0.000000
0.061224 0.775510 0 0.000000
0.081633 0.775510 0 0.000000
0.102041 0.775510 0 0.000000
0.122449 0.775510 0 0.000000
0.142857 0.775510 0 0.000000
0.163265 0.775510 0 0.000000
0.183673 0.775510 0 0.000000
0.204082 0.775510 0 0.000000
0.224490 0.775510 0 0.000000
0.244898 0.775510 0 0.000000
0.265306 0.775510 0 0.000000
0.285714 0.775510 0 0.000000
0.306122 0.775510 0 0.000000
0.326531 0.775510 0 0.000000
0.346939 0.775510 0 0.000000
0.367347 0.775510 0 0.000000
0.387755 0.775510 0 0.000000
0.408163 0.775510 0 0.000000
0.428571 0.775510 0 0.000000
0.448980 0.775510 0 0.000000
0.469388 0.775510 0 0.000000
0.489796 0.775510 0 0.000000
0.510204 0.775510 0 0.000000
0.530612 0.775510 0 0.000000
0.551020 0.775510 0 0.000000
0.571429 0.775510 0 0.000000
0.591837 0.775510 0 0.000000
0.612245 0.775510 0 0.000000
0.632653 0.775510 0 0.000000
0.653061 0.775510 0 0.000000
0.673469 0.775510 0 0.000000
0.693878 0.775510 0 0.000000
0.714286 0.775510 0 0.000000
0.734694 0.775510 0 0.000000
0.755102 0.775510 0 0.000000
0.775510 0.775510 0 0.000000
0.795918 0.775510 0 0.000000
0.816327 0.775510 0 0.000000
0.836735 0.775510 0 0.000000
0.857143 0.775510 0 0.000000
0.877551 0.775510 0 0.000000
0.897959 0.775510 0 0.000000
0.918367 0.775510 0 0.000000
0.938776 0.775510 0 0.000000
0.959184 0.775510 0 0.000000
0.979592 0.775510 0 0.000000
1.000000 0.775510 1 0.000000
0.000000 0.795918 1 0.000000
0.020408 0.795918 0 0.000000
0.040816 0.795918 0 0.000000
0.061224 0.795918 0 0.000000
0.081633 0.795918 0 0.000000
0.102041 0.795918 0 0.000000
0.122449 0.795918 0 0.000000
0.142857 0.795918 0 0.000000
0.163265 0.795918 0 0.000000
0.183673 0.795918 0 0.000000
0.204082 0.795918 0 0.000000
0.224490 0.795918 0 0.000000
0.244898 0.795918 0 0.000000
0.265306 0.795918 0 0.000000
0.285714 0.795918 0 0.000000
0.306122 0.795918 0 0.000000
0.326531 0.795918 0 0.000000
0.346939 0.795918 0 0.000000
0.367347 0.795918 0 0.000000
0.387755 0.795918 0 0.000000
0.408163 0.795918 0 0.000000
0.428571 0.795918 0 0.000000
0.448980 0.795918 0 0.000000
0.469388 0.795918 0 0.000000
0.489796 0.795918 0 0.000000
0.510204 0.795918 0 0.000000
0.530612 0.795918 0 0.000000
0.551020 0.795918 0 0.000000
0.571429 0.795918 0 0.000000
0.591837 0.795918 0 0.000000
0.612245 0.795918 0 0.000000
0.632653 0.795918 0 0.000000
0.653061 0.795918 0 0.000000
0.673469 0.795918 0 0.000000
0.693878 0.795918 0 0.000000
0.714286 0.795918 0 0.000000
0.734694 0.795918 0 0.000000
0.755102 0.795918 0 0.000000
0.775510 0.795918 0 0.000000
0.795918 0.795918 0 0.000000
0.816327 0.795918 0 0.000000
0.836735 0.795918 0 0.000000
0.857143 0.795918 0 0.000000
0.877551 0.795918 0 0.000000
0.897959 0.795918 0 0.000000
0.918367 0.795918 0 0.000000
0.938776 0.795918 0 0.000000
0.959184 0.795918 0 0.000000
0.979592 0.795918 0 0.000000
1.000000 0.795918 1 0.000000
0.000000 0.816327 1 0.000000
0.020408 0.816327 0 0.000000
0.040816 0.816327 0 0.000000
0.061224 0.816327 0 0.000000
0.081633 0.816327 0 0.000000
0.102041 0.816327 0 0.000000
0.122449 0.816327 0 0.000000
0.142857 0.816327 0 0.000000
0.163265 0.816327 0 0.000000
0.183673 0.816327 0 0.000000
0.204082 0.816327 0 0.000000
0.224490 0.816327 0 0.000000
0.244898 0.816327 0 0.000000
0.265306 0.816327 0 0.000000
0.285714 0.816327 0 0.000000
0.306122 0.816327 0 0.000000
0.326531 0.816327 0 0.000000
0.346939 0.816327 0 0.000000
0.367347 0.816327 0 0.000000
0.387755 0.816327 0 0.000000
0.408163 0.816327 0 0.000000
0.428571 0.816327 0 0.000000
0.448980 0.816327 0 0.000000
0.469388 0.816327 0 0.000000
0.489796 0.816327 0 0.000000
0.510204 0.816327 0 0.000000
0.530612 0.816327 0 0.000000
0.551020 0.816327 0 0.000000
0.571429 0.816327 0 0.000000
0.591837 0.816327 0 0.000000
0.612245 0.816327 0 0.000000
0.632653 0.816327 0 0.000000
0.653061 0.816327 0 0.000000
0.673469 0.816327 0 0.000000
0.693878 0.816327 0 0.000000
0.714286 0.816327 0 0.000000
0.734694 0.816327 0 0.000000
0.755102 0.816327 0 0.000000
0.775510 0.816327 0 0.000000
0.795918 0.816327 0 0.000000
0.816327 0.816327 0 0.000000
0.836735 0.816327 0 0.000000
0.857143 0.816327 0 0.000000
0.877551 0.816327 0 0.000000
0.897959 0.816327 0 0.000000
0.918367 0.816327 0 0.000000
0.938776 0.816327 0 0.000000
0.959184 0.816327 0 0.000000
0.979592 0.816327 0 0.000000
1.000000 0.816327 1 0.000000
0.000000 0.836735 1 0.000000
0.020408 0.836735 0 0.000000
0.040816 0.836735 0 0.000000
0.061224 0.836735 0 0.000000
0.081633 0.836735 0 0.000000
0.102041 0.836735 0 0.000000
0.122449 0.836735 0 0.000000
0.142857 0.836735 0 0.000000
0.163265 0.836735 0 0.000000
0.183673 0.836735 0 0.000000
0.204082 0.836735 0 0.000000
0.224490 0.836735 0 0.000000
0.244898 0.836735 0 0.000000
0.265306 0.836735 0 0.000000
0.285714 0.836735 0 0.000000
0.306122 0.836735 0 0.000000
0.326531 0.836735 0 0.000000
0.346939 0.836735 0 0.000000
0.367347 0.836735 0 0.000000
0.387755 0.836735 0 0.000000
0.408163 0.836735 0 0.000000
0.428571 0.836735 0 0.000000
0.448980 0.836735 0 0.000000
0.469388 0.836735 0 0.000000
0.489796 0.836735 0 0.000000
0.510204 0.836735 0 0.000000
0.530612 0.836735 0 0.000000
0.551020 0.836735 0 0.000000
0.571429 0.836735 0 0.000000
0.591837 0.836735 0 0.000000
0.612245 0.836735 0 0.000000
0.632653 0.836735 0 0.000000
0.653061 0.836735 0 0.000000
0.673469 0.836735 0 0.000000
0.693878 0.836735 0 0.000000
0.714286 0.836735 0 0.000000
0.734694 0.836735 0 0.000000
0.755102 0.836735 0 0.000000
0.775510 0.836735 0 0.000000
0.795918 0.836735 0 0.000000
0.816327 0.836735 0 0.000000
0.836735 0.836735 0 0.000000
0.857143 0.836735 0 0.000000
0.877551 0.836735 0 0.000000
0.897959 0.836735 0 0.000000
0.918367 0.836735 0 0.000000
0.938776 0.836735 0 0.000000
0.959184 0.836735 0 0.000000
0.979592 0.836735 0 0.000000
1.000000 0.836735 1 0.000000
0.000000 0.857143 1 0.000000
0.020408 0.857143 0 0.000000
0.040816 0.857143 0 0.000000
0.061224 0.857143 0 0.000000
0.081633 0.857143 0 0.000000
0.102041 0.857143 0 0.000000
0.122449 0.857143 0 0.000000
0.142857 0.857143 0 0.000000
0.163265 0.857143 0 0.000000
0.183673 0.857143 0 0.000000
0.204082 0.857143 0 0.000000
0.224490 0.857143 0 0.000000
0.244898 0.857143 0 0.000000
0.265306 0.857143 0 0.000000
0.285714 0.857143 0 0.000000
0.306122 0.857143 0 0.000000
0.326531 0.857143 0 0.000000
0.346939 0.857143 0 0.000000
0.367347 0.857143 0 0.000000
0.387755 0.857143 0 0.000000
0.408163 0.857143 0 0.000000
0.428571 0.857143 0 0.000000
0.448980 0.857143 0 0.000000
0.469388 0.857143 0 0.000000
0.489796 0.857143 0 0.000000
0.510204 0.857143 0 0.000000
0.530612 0.857143 0 0.000000
0.551020 0.857143 0 0.000000
0.571429 0.857143 0 0.000000
0.591837 0.857143 0 0.000000
0.612245 0.857143 0 0.000000
0.632653 0.857143 0 0.000000
0.653061 0.857143 0 0.000000
0.673469 0.857143 0 0.000000
0.693878 0.857143 0 0.000000
0.714286 0.857143 0 0.000000
0.734694 0.857143 0 0.000000
0.755102 0.857143 0 0.000000
0.775510 0.857143 0 0.000000
0.795918 0.857143 0 0.000000
0.816327 0.857143 0 0.000000
0.836735 0.857143 0 0.000000
0.857143 0.857143 0 0.000000
0.877551 0.857143 0 0.000000
0.897959 0.857143 0 0.000000
0.918367 0.857143 0 0.000000
0.938776 0.857143 0 0.000000
0.959184 0.857143 0 0.000000
0.979592 0.857143 0 0.000000
1.000000 0.857143 1 0.000000
0.000000 0.877551 1 0.000000
0.020408 0.877551 0 0.000000
0.040816 0.877551 0 0.000000
0.061224 0.877551 0 0.000000
0.081633 0.877551 0 0.000000
0.102041 0.877551 0 0.000000
0.122449 0.877551 0 0.000000
0.142857 0.877551 0 0.000000
0.163265 0.877551 0 0.000000
0.183673 0.877551 0 0.000000
0.204082 0.877551 0 0.000000
0.224490 0.877551 0 0.000000
0.244898 0.877551 0 0.000000
0.265306 0.877551 0 0.000000
0.285714 0.877551 0 0.000000
0.306122 0.877551 0 0.000000
0.326531 0.877551 0 0.000000
0.346939 0.877551 0 0.000000
0.367347 0.877551 0 0.000000
0.387755 0.877551 0 0.000000
0.408163 0.877551 0 0.000000
0.428571 0.877551 0 0.000000
0.448980 0.877551 0 0.000000
0.469388 0.877551 0 0.000000
0.489796 0.877551 0 0.000000
0.510204 0.877551 0 0.000000
0.530612 0.877551 0 0.000000
0.551020 0.877551 0 0.000000
0.571429 0.877551 0 0.000000
0.591837 0.877551 0 0.000000
0.612245 0.877551 0 0.000000
0.632653 0.877551 0 0.000000
0.653061 0.877551 0 0.000000
0.673469 0.877551 0 0.000000
0.693878 0.877551 0 0.000000
0.714286 0.877551 0 0.000000
0.734694 0.877551 0 0.000000
0.755102 0.877551 0 0.000000
0.775510 0.877551 0 0.000000
0.795918 0.877551 0 0.000000
0.816327 0.877551 0 0.000000
0.836735 0.877551 0 0.000000
0.857143 0.877551 0 0.000000
0.877551 0.877551 0 0.000000
0.897959 0.877551 0 0.000000
0.918367 0.877551 0 0.000000
0.938776 0.877551 0 0.000000
0.959184 0.877551 0 0.000000
0.979592 0.877551 0 0.000000
1.000000 0.877551 1 0.000000
0.000000 0.897959 1 0.000000
0.020408 0.897959 0 0.000000
0.040816 0.897959 0 0.000000
0.061224 0.897959 0 0.000000
0.081633 0.897959 0 0.000000
0.102041 0.897959 0 0.000000
0.122449 0.897959 0 0.000000
0.142857 0.897959 0 0.000000
0.163265 0.897959 0 0.000000
0.183673 0.897959 0 0.000000
0.204082 0.897959 0 0.000000
0.224490 0.897959 0 0.000000
0.244898 0.897959 0 0.000000
0.265306 0.897959 0 0.000000
0.285714 0.897959 0 0.000000
0.306122 0.897959 0 0.000000
0.326531 0.897959 0 0.000000
0.346939 0.897959 0 0.000000
0.367347 0.897959 0 0.000000
0.387755 0.897959 0 0.000000
0.408163 0.897959 0 0.000000
0.428571 0.897959 0 0.000000
0.448980 0.897959 0 0.000000
0.469388 0.897959 0 0.000000
0.489796 0.897959 0 0.000000
0.510204 0.897959 0 0.000000
0.530612 0.897959 0 0.000000
0.551020 0.897959 0 0.000000
0.571429 0.897959 0 0.000000
0.591837 0.897959 0 0.000000
0.612245 0.897959 0 0.000000
0.632653 0.897959 0 0.000000
0.653061 0.897959 0 0.000000
0.673469 0.897959 0 0.000000
0.693878 0.897959 0 0.000000
0.714286 0.897959 0 0.000000
0.734694 0.897959 0 0.000000
0.755102 0.897959 0 0.000000
0.775510 0.897959 0 0.000000
0.795918 0.897959 0 0.000000
0.816327 0.897959 0 0.000000
0.836735 0.897959 0 0.000000
0.857143 0.897959 0 0.000000
0.877551 0.897959 0 0.000000
0.897959 0.897959 0 0.000000
0.918367 0.897959 0 0.000000
0.938776 0.897959 0 0.000000
0.959184 0.897959 0 0.000000
0.979592 0.897959 0 0.000000
1.000000 0.897959 1 0.000000
0.000000 0.918367 1 0.000000
0.020408 0.918367 0 0.000000
0.040816 0.918367 0 0.000000
0.061224 0.918367 0 0.000000
0.081633 0.918367 0 0.000000
0.102041 0.918367 0 0.000000
0.122449 0.918367 0 0.000000
0.142857 0.918367 0 0.000000
0.163265 0.918367 0 0.000000
0.183673 0.918367 0 0.000000
0.204082 0.918367 0 0.000000
0.224490 0.918367 0 0.000000
0.244898 0.918367 0 0.000000
0.265306 0.918367 0 0.000000
0.285714 0.918367 0 0.000000
0.306122 0.918367 0 0.000000
0.326531 0.918367 0 0.000000
0.346939 0.918367 0 0.000000
0.367347 0.918367 0 0.000000
0.387755 0.918367 0 0.000000
0.408163 0.918367 0 0.000000
0.428571 0.918367 0 0.000000
0.448980 0.918367 0 0.000000
0.469388 0.918367 0 0.000000
0.489796 0.918367 0 0.000000
0.510204 0.918367 0 0.000000
0.530612 0.918367 0 0.000000
0.551020 0.918367 0 0.000000
0.571429 0.918367 0 0.000000
0.591837 0.918367 0 0.000000
0.612245 0.918367 0 0.000000
0.632653 0.918367 0 0.000000
0.653061 0.918367 0 0.000000
0.673469 0.918367 0 0.000000
0.693878 0.918367 0 0.000000
0.714286 0.918367 0 0.000000
0.734694 0.918367 0 0.000000
0.755102 0.918367 0 0.000000
0.775510 0.918367 0 0.000000
0.795918 0.918367 0 0.000000
0.816327 0.918367 0 0.000000
0.836735 0.918367 0 0.000000
0.857143 0.918367 0 0.000000
0.877551 0.918367 0 0.000000
0.897959 0.918367 0 0.000000
0.918367 0.918367 0 0.000000
0.938776 0.918367 0 0.000000
0.959184 0.918367 0 0.000000
0.979592 0.918367 0 0.000000
1.000000 0.918367 1 0.000000
0.000000 0.938776 1 0.000000
0.020408 0.938776 0 0.000000
0.040816 0.938776 0 0.000000
0.061224 0.938776 0 0.000000
0.081633 0.938776 0 0.000000
0.102041 0.938776 0 0.000000
0.122449 0.938776 0 0.000000
0.142857 0.938776 0 0.000000
0.163265 0.938776 0 0.000000
0.183673 0.938776 0 0.000000
0.204082 0.938776 0 0.000000
0.224490 0.938776 0 0.000000
0.244898 0.938776 0 0.000000
0.265306 0.938776 0 0.000000
0.285714 0.938776 0 0.000000
0.306122 0.938776 0 0.000000
0.326531 0.938776 0 0.000000
0.346939 0.938776 0 0.000000
0.367347 0.938776 0 0.000000
0.387755 0.938776 0 0.000000
0.408163 0.938776 0 0.000000
0.428571 0.938776 0 0.000000
0.448980 0.938776 0 0.000000
0.469388 0.938776 0 0.000000
0.489796 0.938776 0 0.000000
0.510204 0.938776 0 0.000000
0.530612 0.938776 0 0.000000
0.551020 0.938776 0 0.000000
0.571429 0.938776 0 0.000000
0.591837 0.938776 0 0.000000
0.612245 0.938776 0 0.000000
0.632653 0.938776 0 0.000000
0.653061 0.938776 0 0.000000
0.673469 0.938776 0 0.000000
0.693878 0.938776 0 0.000000
0.714286 0.938776 0 0.000000
0.734694 0.938776 0 0.000000
0.755102 0.938776 0 0.000000
0.775510 0.938776 0 0.000000
0.795918 0.938776 0 0.000000
0.816327 0.938776 0 0.000000
0.836735 0.938776 0 0.000000
0.857143 0.938776 0 0.000000
0.877551 0.938776 0 0.000000
0.897959 0.938776 0 0.000000
0.918367 0.938776 0 0.000000
0.938776 0.938776 0 0.000000
0.959184 0.938776 0 0.000000
0.979592 0.938776 0 0.000000
1.000000 0.938776 1 0.000000
0.000000 0.959184 1 0.000000
0.020408 0.959184 0 0.000000
0.040816 0.959184 0 0.000000
0.061224 0.959184 0 0.000000
0.081633 0.959184 0 0.000000
0.102041 0.959184 0 0.000000
0.122449 0.959184 0 0.000000
0.142857 0.959184 0 0.000000
0.163265 0.959184 0 0.000000
0.183673 0.959184 0 0.000000
0.204082 0.959184 0 0.000000
0.224490 0.959184 0 0.000000
0.244898 0.959184 0 0.000000
0.265306 0.959184 0 0.000000
0.285714 0.959184 0 0.000000
0.306122 0.959184 0 0.000000
0.326531 0.959184 0 0.000000
0.346939 0.959184 0 0.000000
0.367347 0.959184 0 0.000000
0.387755 0.959184 0 0.000000
0.408163 0.959184 0 0.000000
0.428571 0.959184 0 0.000000
0.448980 0.959184 0 0.000000
0.469388 0.959184 0 0.000000
0.489796 0.959184 0 0.000000
0.510204 0.959184 0 0.000000
0.530612 0.959184 0 0.000000
0.551020 0.959184 0 0.000000
0.571429 0.959184 0 0.000000
0.591837 0.959184 0 0.000000
0.612245 0.959184 0 0.000000
0.632653 0.959184 0 0.000000
0.653061 0.959184 0 0.000000
0.673469 0.959184 0 0.000000
0.693878 0.959184 0 0.000000
0.714286 0.959184 0 0.000000
0.734694 0.959184 0 0.000000
0.755102 0.959184 0 0.000000
0.775510 0.959184 0 0.000000
0.795918 0.959184 0 0.000000
0.816327 0.959184 0 0.000000
0.836735 0.959184 0 0.000000
0.857143 0.959184 0 0.000000
0.877551 0.959184 0 0.000000
0.897959 0.959184 0 0.000000
0.918367 0.959184 0 0.000000
0.938776 0.959184 0 0.000000
0.959184 0.959184 0 0.000000
0.979592 0.959184 0 0.000000
1.000000 0.959184 1 0.000000
0.000000 0.979592 1 0.000000
0.020408 0.979592 0 0.000000
0.040816 0.979592 0 0.000000
0.061224 0.979592 0 0.000000
0.081633 0.979592 0 0.000000
0.102041 0.979592 0 0.000000
0.122449 0.979592 0 0.000000
0.142857 0.979592 0 0.000000
0.163265 0.979592 0 0.000000
0.183673 0.979592 0 0.000000
0.204082 0.979592 0 0.000000
0.224490 0.979592 0 0.000000
0.244898 0.979592 0 0.000000
0.265306 0.979592 0 0.000000
0.285714 0.979592 0 0.000000
0.306122 0.979592 0 0.000000
0.326531 0.979592 0 0.000000
0.346939 0.979592 0 0.000000
0.367347 0.979592 0 0.000000
0.387755 0.979592 0 0.000000
0.408163 0.979592 0 0.000000
0.428571 0.979592 0 0.000000
0.448980 0.979592 0 0.000000
0.469388 0.979592 0 0.000000
0.489796 0.979592 0 0.000000
0.510204 0.979592 0 0.000000
0.530612 0.979592 0 0.000000
0.551020 0.979592 0 0.000000
0.571429 0.979592 0 0.000000
0.591837 0.979592 0 0.000000
0.612245 0.979592 0 0.000000
0.632653 0.979592 0 0.000000
0.653061 0.979592 0 0.000000
0.673469 0.979592 0 0.000000
0.693878 0.979592 0 0.000000
0.714286 0.979592 0 0.000000
0.734694 0.979592 0 0.000000
0.755102 0.979592 0 0.000000
0.775510 0.979592 0 0.000000
0.795918 0.979592 0 0.000000
0.816327 0.979592 0 0.000000
0.836735 0.979592 0 0.000000
0.857143 0.979592 0 0.000000
0.877551 0.979592 0 0.000000
0.897959 0.979592 0 0.000000
0.918367 0.979592 0 0.000000
0.938776 0.979592 0 0.000000
0.959184 0.979592 0 0.000000
0.979592 0.979592 0 0.000000
1.000000 0.979592 1 0.000000
0.000000 1.000000 1 0.000000
0.020408 1.000000 1 0.000000
0.040816 1.000000 1 0.000000
0.061224 1.000000 1 0.000000
0.081633 1.000000 1 0.000000
0.102041 1.000000 1 0.000000
0.122449 1.000000 1 0.000000
0.142857 1.000000 1 0.000000
0.163265 1.000000 1 0.000000
0.183673 1.000000 1 0.000000
0.204082 1.000000 1 0.000000
0.224490 1.000000 1 0.000000
0.244898 1.000000 1 0.000000
0.265306 1.000000 1 0.000000
0.285714 1.000000 1 0.000000
0.306122 1.000000 1 0.000000
0.326531 1.000000 1 0.000000
0.346939 1.000000 1 0.000000
0.367347 1.000000 1 0.000000
0.387755 1.000000 1 0.000000
0.408163 1.000000 1 0.000000
0.428571 1.000000 1 0.000000
0.448980 1.000000 1 0.000000
0.469388 1.000000 1 0.000000
0.489796 1.000000 1 0.000000
0.510204 1.000000 1 0.000000
0.530612 1.000000 1 0.000000
0.551020 1.000000 1 0.000000
0.571429 1.000000 1 0.000000
0.591837 1.000000 1 0.000000
0.612245 1.000000 1 0.000000
0.632653 1.000000 1 0.000000
0.653061 1.000000 1 0.000000
0.673469 1.000000 1 0.000000
0.693878 1.000000 1 0.000000
0.714286 1.000000 1 0.000000
0.734694 1.000000 1 0.000000
0.755102 1.000000 1 0.000000
0.775510 1.000000 1 0.000000
0.795918 1.000000 1 0.000000
0.816327 1.000000 1 0.000000
0.836735 1.000000 1 0.000000
0.857143 1.000000 1 0.000000
0.877551 1.000000 1 0.000000
0.897959 1.000000 1 0.000000
0.918367 1.000000 1 0.000000
0.938776 1.000000 1 0.000000
0.959184 1.000000 1 0.000000
0.979592 1.000000 1 0.000000
1.000000 1.000000 1 0.000000
